# fitting for parameter: 'CSP'
fit performed: Hill Equation
(Vmax*[S]**n)/(K0.5**n+[S]**n)

Res#:  1M
xdata: [0, 125, 250, 500, 1000, 2000, 4000]
ydata: [0.0, 0.0021762248973011492, 0.0029665694977208724, 0.0051322445825482477, 0.0038349076207057423, 0.001074229027474822, 0.0025145371739425737]
ymax: 0.005613041080100539
yhalf: 0.0028065205400502695
K0.5: 183.26456654081227
n: 4.637282666030763e-08
r**2: 0.4237317872908881
popt: [  5.61304108e-03   4.63728267e-08   1.83264567e+02]
pcov: [[  5.67359299e-05  -5.19544171e-04   6.28152539e+07]
 [ -5.19544171e-04   1.44313216e-01  -5.32920506e+02]
 [  6.28152539e+07  -5.32920507e+02   7.41642733e+19]]
rsq: [0.4237317872908881, 9.97554883348297e-06, 1.7310600538916795e-05]
**************************

Res#:  2G
xdata: [0, 125, 250, 500, 1000, 2000, 4000]
ydata: [0.0, 0.0038936710319255391, 0.0014958580946197347, 0.0031186048757566838, 0.0022872045581837047, 5.3829404309782752e-05, 0.0020764017107896215]
ymax: 0.0037655167739809826
yhalf: 0.0018827583869904913
K0.5: 414.11862950041893
n: 2.7966852248037473e-08
r**2: 0.27616517887599046
popt: [  3.76551677e-03   2.79668522e-08   4.14118630e+02]
pcov: [[  2.90246729e-05  -4.33856704e-03   1.26426212e+08]
 [ -4.33856704e-03   8.38676985e-01  -1.88980114e+10]
 [  1.26426212e+08  -1.88980114e+10   5.88979586e+20]]
rsq: [0.27616517887599046, 9.266833925566233e-06, 1.280241521287439e-05]
**************************

Res#:  3S
xdata: [0, 125, 250, 500, 1000, 2000, 4000]
ydata: [0.0, 0.0046939832055805167, 0.0020421485714368997, 0.0035277836028880373, 0.00098424771045236702, 0.00017827971175683255, 0.001698683637817321]
ymax: 0.004187091333376409
yhalf: 0.0020935456666882047
K0.5: 484.57808494013574
n: 5.327601931765474e-08
r**2: 0.2258623307470614
popt: [  4.18709133e-03   5.32760193e-08   4.84578085e+02]
pcov: [[ -3.78936245e+11   5.39053798e+06  -1.57731986e+24]
 [  5.39053797e+06  -7.62495944e+01   2.24380822e+19]
 [ -1.57731986e+24   2.24380822e+19  -6.56558452e+36]]
rsq: [0.2258623307470614, 1.3876658038010032e-05, 1.7925310431413755e-05]
**************************

Res#:  4L
xdata: [0, 125, 250, 500, 1000, 2000, 4000]
ydata: [0.0, 0.0021205771346265072, 0.0015322473575547901, 0.001121895723260217, 0.0022537140667103378, 0.0024234903059749554, 0.0022082049369931945]
!¡FIT FAILED TO FIND MINIMIZATION!¡
**************************

Res#:  5S
xdata: [0, 125, 250, 500, 1000, 2000, 4000]
ydata: [0.0, 0.0021904743066402041, 0.0010303689179310795, 0.0036844669180336369, 0.0019358472893810784, 0.0041531919056080708, 0.0010298867054221142]
ymax: 0.002552548201836009
yhalf: 0.0012762741009180044
K0.5: 59.772433746922424
n: 1.3023329353946982
r**2: 0.37335621570517674
popt: [  2.55254820e-03   1.30233294e+00   5.97724337e+01]
pcov: [[  1.53549853e-06  -7.28170591e-03  -1.73809736e-01]
 [ -7.28170591e-03   6.14923364e+01   2.06565578e+03]
 [ -1.73809736e-01   2.06565578e+03   8.86587281e+04]]
rsq: [0.37335621570517674, 8.394069288945625e-06, 1.3395280539472142e-05]
**************************

Res#:  6S
xdata: [0, 125, 250, 500, 1000, 2000, 4000]
ydata: [0.0, 0.0033605139663743277, 0.0061166290033998066, 0.0049704775446808135, 0.0035277658211631487, 0.0044693886379906988, 0.0043225308842920265]
!¡FIT FAILED TO FIND MINIMIZATION!¡
**************************

Res#:  7A
xdata: [0, 125, 250, 500, 1000, 2000, 4000]
ydata: [0.0, 0.0036256925597292688, 0.0029320311783234292, 0.0024827318842015138, 0.0003969022818246047, 0.0026669504512044982, 0.00088597502615228509]
ymax: 0.0035399738551770634
yhalf: 0.0017699869275885317
K0.5: 382.78685895943283
n: 1.7773865791537086e-08
r**2: 0.25992650323716726
popt: [  3.53997386e-03   1.77738658e-08   3.82786859e+02]
pcov: [[  4.69273701e-06  -8.72224276e-04   3.08605091e+07]
 [ -8.72224276e-04   3.04384031e-01  -5.73594583e+09]
 [  3.08605091e+07  -5.73594583e+09   3.92655904e+20]]
rsq: [0.25992650323716726, 8.773377791017771e-06, 1.1854738521773233e-05]
**************************

Res#:  8N
xdata: [0, 125, 250, 500, 1000, 2000, 4000]
ydata: [0.0, 0.0010457267313662671, 0.0044683191683267407, 0.00022460533021457233, 0.00076620465810260327, 0.0017314720894440181, 0.0032233798997298906]
!¡FIT FAILED TO FIND MINIMIZATION!¡
**************************

Res#:  9N
xdata: [0, 125, 250, 500, 1000, 2000, 4000]
ydata: [0.0, 0.00096629406411813455, 0.0041230001691623056, 0.0021150595500967254, 0.0037595070436263174, 0.0023144946957468584, 0.0039292478609300923]
ymax: 0.0032482618641171035
yhalf: 0.0016241309320585518
K0.5: 128.81044375507383
n: 28.613944185202417
r**2: 0.7574899452774033
popt: [  3.24826186e-03   2.86139442e+01   1.28810444e+02]
pcov: [[  2.34923869e-07  -1.44809558e+04   2.00075488e+03]
 [ -1.44809558e+04   3.98617036e+15  -5.50747371e+14]
 [  2.00075488e+03  -5.50747371e+14   7.60937538e+13]]
rsq: [0.7574899452774033, 3.6463493103483055e-06, 1.503586857262189e-05]
**************************

Res#:  10C
xdata: [0, 125, 250, 500, 1000, 2000, 4000]
ydata: [0.0, 0.00081258894902836256, 0.00502160309642886, 0.00043613869799042975, 0.00051469264822105254, 0.00080283203624729397, 0.0010449951041796492]
ymax: 0.003765245558217979
yhalf: 0.0018826227791089896
K0.5: 640.9664490835103
n: 1.6627259084622153e-09
r**2: 0.03401490875040747
popt: [  3.76524556e-03   1.66272591e-09   6.40966449e+02]
pcov: [[ inf  inf  inf]
 [ inf  inf  inf]
 [ inf  inf  inf]]
rsq: [0.03401490875040747, 1.6829287053339636e-05, 1.7421891088991208e-05]
**************************

Res#:  11R
xdata: [0, 125, 250, 500, 1000, 2000, 4000]
ydata: [0.0, 0.0017780615618697413, 0.00076250005078168479, 0.0018289388280680696, 0.0004564644378641886, 0.0015341438148790086, 0.0012584483657790829]
!¡FIT FAILED TO FIND MINIMIZATION!¡
**************************

Res#:  12R
xdata: [0, 125, 250, 500, 1000, 2000, 4000]
ydata: [0.0, 0.004579797538952152, 0.0014531399172742134, 0.0035328189318173595, 0.0043873293274188071, 0.0058904722265703093, 0.00071831459010698808]
!¡FIT FAILED TO FIND MINIMIZATION!¡
**************************

Res#:  13C
xdata: [0, 125, 250, 500, 1000, 2000, 4000]
ydata: [0.0, 0.0038642830459037639, 0.00015387456431563569, 0.0043437996936902638, 0.0016513697112097644, 0.00044817399811085049, 0.0055088393957454873]
!¡FIT FAILED TO FIND MINIMIZATION!¡
**************************

Res#:  14E
xdata: [0, 125, 250, 500, 1000, 2000, 4000]
ydata: [0.0, 0.0013769273763325617, 0.0019230230578369252, 0.0018805324832365637, 0.00029415632273170546, 0.0021562297976002376, 0.0016231597113694606]
!¡FIT FAILED TO FIND MINIMIZATION!¡
**************************

Res#:  15T
xdata: [0, 125, 250, 500, 1000, 2000, 4000]
ydata: [0.0, 0.0014533134208904533, 0.004620443346020491, 0.0013381777982808556, 0.00052973451680968339, 0.0010772281465147603, 0.0019782942275551937]
ymax: 0.0038935155347581997
yhalf: 0.0019467577673790998
K0.5: 562.2253542739954
n: 2.299863830118181e-07
r**2: 0.21019000355188888
popt: [  3.89351553e-03   2.29986383e-07   5.62225354e+02]
pcov: [[  3.23440811e-03   4.98704022e-03   3.94691575e+09]
 [  4.98704022e-03   3.78946945e-01   6.29911177e+09]
 [  3.94691575e+09   6.29911177e+09   4.81911482e+21]]
rsq: [0.21019000355188888, 1.0527484115536751e-05, 1.332913506144561e-05]
**************************

Res#:  16M
xdata: [0, 125, 250, 500, 1000, 2000, 4000]
ydata: [0.0, 0.00066456370958598845, 0.0028524109575633685, 0.0052897029006986947, 0.0039730447491427307, 0.000331270683597614, 0.0009903990359386018]
ymax: 0.004527166259507316
yhalf: 0.002263583129753658
K0.5: 410.38329664884736
n: 1.2393097650709922e-07
r**2: 0.1873719721439031
popt: [  4.52716626e-03   1.23930977e-07   4.10383297e+02]
pcov: [[  4.39695974e-04   1.20128431e-02   7.08624819e+08]
 [  1.20128431e-02   8.92212796e-01   2.06812224e+10]
 [  7.08624819e+08   2.06812224e+10   1.15335035e+21]]
rsq: [0.1873719721439031, 2.0338070965064968e-05, 2.5027528300643977e-05]
**************************

Res#:  17M
xdata: [0, 125, 250, 500, 1000, 2000, 4000]
ydata: [0.0, 0.0035146333825722305, 0.0046469983337185366, 0.0042924428199603579, 0.0008649845483682878, 0.0057520903838864925, 0.0005180865986533507]
ymax: 0.005665255046693429
yhalf: 0.0028326275233467144
K0.5: 331.48531864284314
n: 2.869259926025318e-09
r**2: 0.25321195734451174
popt: [  5.66525505e-03   2.86925993e-09   3.31485319e+02]
pcov: [[ inf  inf  inf]
 [ inf  inf  inf]
 [ inf  inf  inf]]
rsq: [0.25321195734451174, 2.3640116119458054e-05, 3.1655723939280885e-05]
**************************

Res#:  18E
xdata: [0, 125, 250, 500, 1000, 2000, 4000]
ydata: [0.0, 0.0022872401999152539, 0.0027788330114032304, 0.001701195631718655, 0.0010367850805865606, 0.0024077709722995001, 0.0023248531692928987]
!¡FIT FAILED TO FIND MINIMIZATION!¡
**************************

Res#:  20F
xdata: [0, 125, 250, 500, 1000, 2000, 4000]
ydata: [0.0, 0.00085255884275312337, 0.0042060486845079022, 0.00015252029555954755, 0.0014631340308780977, 0.0017909044798442072, 0.0016934058621693238]
ymax: 0.0034936918617333
yhalf: 0.00174684593086665
K0.5: 585.6144124262058
n: 6.970700721305256e-08
r**2: 0.20477267710330738
popt: [  3.49369186e-03   6.97070072e-08   5.85614412e+02]
pcov: [[  7.91927563e-05   6.03729931e-03   2.57003115e+08]
 [  6.03729931e-03   8.21748511e-01   2.02102955e+10]
 [  2.57003115e+08   2.02102955e+10   8.51153848e+20]]
rsq: [0.20477267710330738, 9.47459133019247e-06, 1.191431815456284e-05]
**************************

Res#:  21S
xdata: [0, 125, 250, 500, 1000, 2000, 4000]
ydata: [0.0, 0.0037977503479815784, 0.0026126060470908425, 0.0018405823516069366, 0.0035597766529186217, 0.00043009538440165121, 0.0015152991969319049]
ymax: 0.0037625481377593487
yhalf: 0.0018812740688796744
K0.5: 338.37751609495155
n: 1.458459748873465e-09
r**2: 0.27357996570894083
popt: [  3.76254814e-03   1.45845975e-09   3.38377516e+02]
pcov: [[ inf  inf  inf]
 [ inf  inf  inf]
 [ inf  inf  inf]]
rsq: [0.27357996570894083, 9.266611722826804e-06, 1.2756547569438173e-05]
**************************

Res#:  22L
xdata: [0, 125, 250, 500, 1000, 2000, 4000]
ydata: [0.0, 0.001980223049959116, 0.00075788128763381235, 0.0020156660883571612, 0.0054438770085324384, 0.0019165074157550157, 0.0017776134414026667]
ymax: 0.0028052567415531573
yhalf: 0.0014026283707765787
K0.5: 140.54415313392926
n: 1.4142582713184801
r**2: 0.33641533375231225
popt: [  2.80525674e-03   1.41425827e+00   1.40544153e+02]
pcov: [[  2.23072935e-06  -4.63733838e-03   1.15916392e-01]
 [ -4.63733838e-03   1.89275172e+01   9.27199478e+01]
 [  1.15916392e-01   9.27199478e+01   4.69923806e+04]]
rsq: [0.33641533375231225, 1.1585217879258092e-05, 1.745853764941251e-05]
**************************

Res#:  23N
xdata: [0, 125, 250, 500, 1000, 2000, 4000]
ydata: [0.0, 0.0014925467928890437, 0.0038729399266500585, 0.0034318965558959996, 0.001706482500463462, 0.000771373277248862, 0.00079333380821561316]
ymax: 0.0036312161821714117
yhalf: 0.0018156080910857058
K0.5: 418.5517986948819
n: 3.809880103850156e-08
r**2: 0.2624979914282177
popt: [  3.63121618e-03   3.80988010e-08   4.18551799e+02]
pcov: [[  9.90896102e-06   5.31617640e-04   7.76763833e+07]
 [  5.31617640e-04   3.47961022e-01   8.02763790e+09]
 [  7.76763833e+07   8.02763790e+09   7.49626000e+20]]
rsq: [0.2624979914282177, 9.096751041496585e-06, 1.2334544090412714e-05]
**************************

Res#:  24F
xdata: [0, 125, 250, 500, 1000, 2000, 4000]
ydata: [0.0, 0.00098160045559550252, 0.00065509953454194177, 0.00032266087919550969, 0.0032699497172436025, 0.0028384346634079396, 0.0014137744386505525]
ymax: 0.0025073862690618495
yhalf: 0.0012536931345309248
K0.5: 528.2714916504715
n: 34.77233302040639
r**2: 0.6511654225144147
popt: [  2.50738627e-03   3.47723330e+01   5.28271492e+02]
pcov: [[  2.66620196e-07   4.36264956e+05  -3.64547516e+05]
 [  4.36264955e+05  -2.84298641e+19   2.37562890e+19]
 [ -3.64547516e+05   2.37562890e+19  -1.98510013e+19]]
rsq: [0.6511654225144147, 3.279777743567904e-06, 9.402100466096806e-06]
**************************

Res#:  25Q
xdata: [0, 125, 250, 500, 1000, 2000, 4000]
ydata: [0.0, 0.0038001414580174282, 0.0034330885106956311, 0.002492542019923525, 0.002073711092790238, 0.0019596226978454171, 0.0042248822097374324]
!¡FIT FAILED TO FIND MINIMIZATION!¡
**************************

Res#:  26M
xdata: [0, 125, 250, 500, 1000, 2000, 4000]
ydata: [0.0, 0.0016554572682034615, 0.0037414327378863382, 0.0042278025734698828, 0.00084698698501381345, 0.00062102562962882985, 0.0043130169512982435]
!¡FIT FAILED TO FIND MINIMIZATION!¡
**************************

Res#:  27T
xdata: [0, 125, 250, 500, 1000, 2000, 4000]
ydata: [0.0, 0.0010753786996045619, 0.00074427112413371287, 0.0038855750195265501, 0.00074340301289486206, 0.0022368621194019259, 0.0011174520493294894]
ymax: 0.0018524615934901634
yhalf: 0.0009262307967450817
K0.5: 131.36928925265104
n: 2.5730790713784866
r**2: 0.29493441001211207
popt: [  1.85246159e-03   2.57307907e+00   1.31369289e+02]
pcov: [[  5.71209677e-07  -3.28714575e-03   3.10991288e-02]
 [ -3.28714575e-03   8.07940617e+01   2.04964169e+02]
 [  3.10991288e-02   2.04964169e+02   2.04036077e+04]]
rsq: [0.29493441001211207, 6.969384712008956e-06, 9.884732443301736e-06]
**************************

Res#:  28L
xdata: [0, 125, 250, 500, 1000, 2000, 4000]
ydata: [0.0, 0.0020825515009752766, 0.00084366461057880501, 0.0032477586057221368, 0.003473421073289313, 0.0034870235825340992, 0.0015766867988020413]
ymax: 0.0028875882773471656
yhalf: 0.0014437941386735828
K0.5: 115.24431597675964
n: 1.3724817816626862
r**2: 0.550600705505857
popt: [  2.88758828e-03   1.37248178e+00   1.15244316e+02]
pcov: [[  9.78583406e-07  -2.27572175e-03   1.68018920e-02]
 [ -2.27572175e-03   1.00447285e+01   1.57193721e+02]
 [  1.68018920e-02   1.57193721e+02   1.80646346e+04]]
rsq: [0.550600705505857, 5.118654291096523e-06, 1.138999182644074e-05]
**************************

Res#:  29D
xdata: [0, 125, 250, 500, 1000, 2000, 4000]
ydata: [0.0, 0.0012535521563747402, 0.0012016899917790967, 0.0022910459614696468, 0.00021533155294428932, 0.0019956989162756063, 0.001171911091093556]
ymax: 0.002704616320691526
yhalf: 0.001352308160345763
K0.5: 199.4324255625678
n: 2.4160287704124506e-06
r**2: 0.37228947267196477
popt: [  2.70461632e-03   2.41602877e-06   1.99432426e+02]
pcov: [[  1.85237573e-02  -5.72133798e-02   9.80024850e+08]
 [ -5.72133798e-02   3.47632156e-01  -3.01148043e+09]
 [  9.80024850e+08  -3.01148043e+09   5.18522136e+19]]
rsq: [0.37228947267196477, 2.652877865290759e-06, 4.226275886407735e-06]
**************************

Res#:  30M
xdata: [0, 125, 250, 500, 1000, 2000, 4000]
ydata: [0.0, 0.0026363855066369401, 0.0038238086110817331, 0.0013818648698120735, 0.0034709049043435722, 0.0032992947878944185, 0.0023160986952441929]
!¡FIT FAILED TO FIND MINIMIZATION!¡
**************************

Res#:  31V
xdata: [0, 125, 250, 500, 1000, 2000, 4000]
ydata: [0.0, 0.0018636391343588481, 0.0053682703506053161, 0.0021186018970041683, 0.0054395656369232341, 0.0043798785932857758, 0.00209455591892585]
ymax: 0.0038801744697107483
yhalf: 0.0019400872348553741
K0.5: 125.33678417803516
n: 29.261228010605002
r**2: 0.5585474647379449
popt: [  3.88017447e-03   2.92612280e+01   1.25336784e+02]
pcov: [[  9.13651554e-07  -1.31791682e+05   1.64141939e+03]
 [ -1.31791682e+05   4.90261544e+16  -6.10603177e+14]
 [  1.64141939e+03  -6.10603177e+14   7.60484368e+12]]
rsq: [0.5585474647379449, 1.1187405944537516e-05, 2.5342262306629287e-05]
**************************

Res#:  32C
xdata: [0, 125, 250, 500, 1000, 2000, 4000]
ydata: [0.0, 0.00068359833057111085, 0.0059247365371847402, 0.00067899635017214612, 0.001295866772356564, 0.0044732998535910243, 0.0049471717308649226]
!¡FIT FAILED TO FIND MINIMIZATION!¡
**************************

Res#:  33T
xdata: [0, 125, 250, 500, 1000, 2000, 4000]
ydata: [0.0, 0.0024604269215197602, 0.001209095821184968, 0.0030158616975414182, 0.0038176033873824852, 0.00086769638404790681, 0.0027481299047837104]
ymax: 0.0024621991943926365
yhalf: 0.0012310995971963183
K0.5: 17.761386969783896
n: 0.9834456730461336
r**2: 0.43659748568291157
popt: [  2.46219919e-03   9.83445673e-01   1.77613870e+01]
pcov: [[  1.96788788e-06  -1.58644306e-02  -4.70350841e-01]
 [ -1.58644306e-02   1.78780358e+02   5.86580943e+03]
 [ -4.70350841e-01   5.86580943e+03   2.01522704e+05]]
rsq: [0.43659748568291157, 6.204736442081326e-06, 1.101297258071738e-05]
**************************

Res#:  34I
xdata: [0, 125, 250, 500, 1000, 2000, 4000]
ydata: [0.0, 0.00028615908839129523, 0.00094841460276482001, 0.0019800261826190164, 0.0017980026368783848, 0.0014714284251391395, 0.00088954952730902696]
ymax: 0.001525630587624651
yhalf: 0.0007628152938123255
K0.5: 206.2494696093051
n: 4.228410772439369
r**2: 0.7745910102159818
popt: [  1.52563059e-03   4.22841077e+00   2.06249470e+02]
pcov: [[  5.16838478e-08  -2.52471083e-04   4.42027374e-03]
 [ -2.52471083e-04   2.13278190e+01   5.97459008e+01]
 [  4.42027374e-03   5.97459008e+01   4.18903760e+03]]
rsq: [0.7745910102159818, 7.492585835573976e-07, 3.323996013980277e-06]
**************************

Res#:  35W
xdata: [0, 125, 250, 500, 1000, 2000, 4000]
ydata: [0.0, 0.0060726725099942321, 0.0021011725126185345, 0.0022143565354765552, 0.0047716901830136436, 0.0013699506956481621, 0.0013958012679235834]
ymax: 0.005509488121264781
yhalf: 0.0027547440606323905
K0.5: 457.0489733363956
n: 6.239765225002632e-08
r**2: 0.2724629178166176
popt: [  5.50948812e-03   6.23976523e-08   4.57048973e+02]
pcov: [[  1.27866230e-04   3.10641179e-03   3.81125967e+08]
 [  3.10641179e-03   4.75717652e-01   1.13247072e+10]
 [  3.81125967e+08   1.13247072e+10   1.17407572e+21]]
rsq: [0.2724629178166176, 1.9560274745543647e-05, 2.6885605180208946e-05]
**************************

Res#:  36L
xdata: [0, 125, 250, 500, 1000, 2000, 4000]
ydata: [0.0, 0.00032886841851802542, 0.0050003558138886151, 0.0023652993998701361, 0.00049859857461552134, 0.0010172620204797762, 0.0040298529583756891]
!¡FIT FAILED TO FIND MINIMIZATION!¡
**************************

Res#:  37C
xdata: [0, 125, 250, 500, 1000, 2000, 4000]
ydata: [0.0, 0.0031569547722686965, 0.00086111864986163089, 0.0045621236380764133, 0.0014432361492542345, 0.0023441360171167201, 0.0011847860786419093]
ymax: 0.004094885120674897
yhalf: 0.0020474425603374483
K0.5: 388.9590615429477
n: 2.9104407770592447e-08
r**2: 0.28779014786870216
popt: [  4.09488512e-03   2.91044078e-08   3.88959062e+02]
pcov: [[  9.17899055e-06  -6.68386395e-04   3.03704777e+07]
 [ -6.68386395e-04   4.67879749e-01  -8.93267154e+08]
 [  3.03704777e+07  -8.93267154e+08   1.31316451e+20]]
rsq: [0.28779014786870216, 1.0159271422655909e-05, 1.4264435393942036e-05]
**************************

Res#:  38N
xdata: [0, 125, 250, 500, 1000, 2000, 4000]
ydata: [0.0, 0.00042123187433744564, 0.0032566088504664831, 0.0022969010352363439, 0.0028068925650184301, 0.0013128626629946929, 0.0014891339046206691]
!¡FIT FAILED TO FIND MINIMIZATION!¡
**************************

Res#:  39S
xdata: [0, 125, 250, 500, 1000, 2000, 4000]
ydata: [0.0, 0.0045348917315076358, 0.0038337808258122157, 0.0048817671462582212, 0.0039191431474306041, 0.004965867610658487, 0.0030492046670446706]
ymax: 0.00423111773902948
yhalf: 0.00211555886951474
K0.5: 1.0625836905051103e-26
n: 0.2393283988681551
r**2: 0.8479078441248015
popt: [  4.23111774e-03   2.39328399e-01   1.06258369e-26]
pcov: [[  1.74305033e-06  -3.68466976e+01   2.30896437e-23]
 [ -3.68466976e+01   2.66891221e+09   5.17199659e-15]
 [  2.30896437e-23   5.17199659e-15   1.79841137e-38]]
rsq: [0.8479078441248015, 2.7076041152463552e-06, 1.7802391580721102e-05]
**************************

Res#:  40F
xdata: [0, 125, 250, 500, 1000, 2000, 4000]
ydata: [0.0, 0.0013670850047836653, 0.0038895294670196483, 0.0012012220570495637, 0.00030382066787825319, 0.0044070968728591687, 0.0046386496996587952]
!¡FIT FAILED TO FIND MINIMIZATION!¡
**************************

Res#:  41D
xdata: [0, 125, 250, 500, 1000, 2000, 4000]
ydata: [0.0, 0.00034600459613856117, 0.0036117871300231563, 0.001423321707869336, 0.0015082563001698754, 0.0025908675661647693, 0.0029580724500588907]
!¡FIT FAILED TO FIND MINIMIZATION!¡
**************************

Res#:  42L
xdata: [0, 125, 250, 500, 1000, 2000, 4000]
ydata: [0.0, 0.0010892218991514762, 0.00094268402524793683, 0.0031626278412894425, 0.0014323823301043551, 0.0012919026629830191, 0.0011324060370132174]
!¡FIT FAILED TO FIND MINIMIZATION!¡
**************************

Res#:  43W
xdata: [0, 125, 250, 500, 1000, 2000, 4000]
ydata: [0.0, 0.0030750603736942146, 0.0025401598492400469, 0.0011887832429486019, 0.0014772470823879431, 0.0027552834372178083, 0.0020401313577358628]
!¡FIT FAILED TO FIND MINIMIZATION!¡
**************************

Res#:  44E
xdata: [0, 125, 250, 500, 1000, 2000, 4000]
ydata: [0.0, 0.0019419957006988238, 0.0024923794404740334, 0.0026641959038865002, 0.0023349123930161753, 0.0028258267024357762, 0.0022255744973462516]
ymax: 0.0025113305990558314
yhalf: 0.0012556652995279157
K0.5: 101.0538381721836
n: 5.768887221314548
r**2: 0.9572312367980077
popt: [  2.51133060e-03   5.76888722e+00   1.01053838e+02]
pcov: [[  1.49796665e-08  -1.62584925e-03  -5.60326151e-03]
 [ -1.62584925e-03   8.57858201e+02   3.15724133e+03]
 [ -5.60326151e-03   3.15724133e+03   1.17250662e+04]]
rsq: [0.9572312367980077, 2.3516021797700652e-07, 5.498410530750437e-06]
**************************

Res#:  45I
xdata: [0, 125, 250, 500, 1000, 2000, 4000]
ydata: [0.0, 0.00077399887072367916, 0.0006511114881506538, 0.001531119871121965, 0.0027202958776912267, 0.00034645489607417097, 0.0018208520197900149]
ymax: 0.0016123818752518434
yhalf: 0.0008061909376259217
K0.5: 180.12836410572083
n: 1.9800627880882689
r**2: 0.40914990504897586
popt: [  1.61238188e-03   1.98006279e+00   1.80128364e+02]
pcov: [[  3.74092707e-07  -1.44739528e-03   5.30254356e-02]
 [ -1.44739528e-03   1.78331280e+01  -8.72947624e+01]
 [  5.30254356e-02  -8.72947624e+01   3.16007704e+04]]
rsq: [0.40914990504897586, 3.1985688473448745e-06, 5.413503145175945e-06]
**************************

Res#:  46W
xdata: [0, 125, 250, 500, 1000, 2000, 4000]
ydata: [0.0, 0.00018695096662004222, 0.0028280104664465452, 0.00032389352814112069, 0.004838205855844083, 0.0046543226509008981, 0.00087047886629524067]
ymax: 0.0030760526056700967
yhalf: 0.0015380263028350483
K0.5: 236.21518694734226
n: 1.9517586916545644
r**2: 0.35055894410442556
popt: [  3.07605261e-03   1.95175869e+00   2.36215187e+02]
pcov: [[  2.42358384e-06  -4.18667610e-03   2.64604241e-01]
 [ -4.18667610e-03   2.16840713e+01  -3.63310215e+02]
 [  2.64604241e-01  -3.63310215e+02   8.69421752e+04]]
rsq: [0.35055894410442556, 1.762975433055801e-05, 2.7146042232033985e-05]
**************************

Res#:  47S
xdata: [0, 125, 250, 500, 1000, 2000, 4000]
ydata: [0.0, 0.0044432777874725627, 0.0024708185330844386, 0.0046756837475467484, 0.0031751754603703652, 0.0026813567164470447, 0.001961432484802354]
ymax: 0.005845315557453726
yhalf: 0.002922657778726863
K0.5: 121.32801869531065
n: 3.6584826294206654e-08
r**2: 0.5582130619099714
popt: [  5.84531556e-03   3.65848263e-08   1.21328019e+02]
pcov: [[  7.24469691e-05  -3.75709530e-03   4.36988463e+07]
 [ -3.75709530e-03   2.37271780e-01  -2.13580575e+09]
 [  4.36988463e+07  -2.13580575e+09   2.74624471e+19]]
rsq: [0.5582130619099714, 6.63548954940287e-06, 1.5019659879692212e-05]
**************************

Res#:  48L
xdata: [0, 125, 250, 500, 1000, 2000, 4000]
ydata: [0.0, 0.005011577126106107, 0.0026443323684323334, 0.0026115221749915987, 0.00091898399457785568, 0.0031905281652970384, 0.0038196965521820887]
ymax: 0.005583899116394381
yhalf: 0.0027919495581971905
K0.5: 362.14711412289523
n: 6.587719185261829e-08
r**2: 0.4371101439058589
popt: [  5.58389912e-03   6.58771919e-08   3.62147114e+02]
pcov: [[  2.07352448e+10  -2.43649778e+05   4.30024095e+22]
 [ -2.43649778e+05   3.01216984e+00  -5.05300401e+17]
 [  4.30024095e+22  -5.05300401e+17   8.91818370e+34]]
rsq: [0.4371101439058589, 9.704220413216696e-06, 1.7239998746031236e-05]
**************************

Res#:  49H
xdata: [0, 125, 250, 500, 1000, 2000, 4000]
ydata: [0.0, 0.0010202355549964032, 8.2783947542474832e-05, 0.0059040589650129986, 0.00055313057231835079, 0.0023871696080196578, 0.0039102012160311343]
ymax: 0.0031886400983859972
yhalf: 0.0015943200491929986
K0.5: 272.9013395366268
n: 41.34913660160558
r**2: 0.4449054701604729
popt: [  3.18864010e-03   4.13491366e+01   2.72901340e+02]
pcov: [[  1.37506673e-06   1.94562989e+06  -1.12550806e+06]
 [  1.94562989e+06   1.10569799e+19  -6.39624219e+18]
 [ -1.12550806e+06  -6.39624219e+18   3.70009845e+18]]
rsq: [0.4449054701604729, 1.6523296066772323e-05, 2.9766634651487308e-05]
**************************

Res#:  50G
xdata: [0, 125, 250, 500, 1000, 2000, 4000]
ydata: [0.0, 0.0061649534989674888, 0.0038850721946937887, 0.00022667355187964928, 0.00038325038378536863, 0.0014636626401051292, 0.0015574073108500274]
ymax: 0.005188613472273638
yhalf: 0.002594306736136819
K0.5: 585.2778580980358
n: 2.8823695368261523e-08
r**2: 0.12414399356464623
popt: [  5.18861347e-03   2.88236954e-08   5.85277858e+02]
pcov: [[  1.11532778e-05  -4.42560679e-11   4.98427449e+07]
 [ -4.42560679e-11   4.77522327e-01  -1.97775394e+02]
 [  4.98427449e+07  -1.97775394e+02   3.75876492e+20]]
rsq: [0.12414399356464623, 2.7263568160334243e-05, 3.112791139184423e-05]
**************************

Res#:  51I
xdata: [0, 125, 250, 500, 1000, 2000, 4000]
ydata: [0.0, 0.0020357872576645241, 0.0017295354131525442, 0.00051518595258128526, 0.001233573462757783, 0.0042662347912190745, 0.00046532928939716341]
ymax: 0.0020273456042887335
yhalf: 0.0010136728021443667
K0.5: 1.2927247889985607e-07
n: 0.07483846773975693
r**2: 0.20274818187452304
popt: [  2.02734560e-03   7.48384677e-02   1.29272479e-07]
pcov: [[  7.82349574e-02  -1.48602034e+01  -1.48925927e-04]
 [ -1.48602034e+01   2.82653642e+03   2.84282202e-02]
 [ -1.48925927e-04   2.84282202e-02   2.88531736e-07]]
rsq: [0.20274818187452304, 9.841238518581011e-06, 1.2343952431140307e-05]
**************************

Res#:  52I
xdata: [0, 125, 250, 500, 1000, 2000, 4000]
ydata: [0.0, 0.0019990149610766669, 0.0055832600794784755, 0.0017569705164098091, 0.00088842472645875629, 0.0056950180504055222, 0.0022821301485860495]
ymax: 0.005989364630896816
yhalf: 0.002994682315448408
K0.5: 238.85912669807266
n: 0.024291067218825204
r**2: 0.2693111558691508
popt: [  5.98936463e-03   2.42910672e-02   2.38859127e+02]
pcov: [[  1.08777472e+02  -4.52514941e+02   3.65782720e+08]
 [ -4.52514941e+02   1.88274935e+03  -1.52165529e+09]
 [  3.65782720e+08  -1.52165529e+09   1.23000658e+15]]
rsq: [0.2693111558691508, 2.1439424155126006e-05, 2.9341387003968967e-05]
**************************

Res#:  53H
xdata: [0, 125, 250, 500, 1000, 2000, 4000]
ydata: [0.0, 0.003044961936215456, 0.0019486802761826299, 0.0029544968951563228, 0.0012482502943411602, 0.00074617545012324962, 0.0029652126912742523]
!¡FIT FAILED TO FIND MINIMIZATION!¡
**************************

Res#:  54L
xdata: [0, 125, 250, 500, 1000, 2000, 4000]
ydata: [0.0, 0.001589410130997, 0.001294154633019066, 0.00042264148050865237, 0.0033527185591653305, 0.00048523877855861523, 0.0033881131971773512]
!¡FIT FAILED TO FIND MINIMIZATION!¡
**************************

Res#:  55C
xdata: [0, 125, 250, 500, 1000, 2000, 4000]
ydata: [0.0, 0.0018694362206679138, 0.0012554147040247053, 0.0042960569201396653, 9.52781783087418e-05, 0.00056775770374181884, 0.00021396811471491493]
ymax: 0.003387603026424104
yhalf: 0.001693801513212052
K0.5: 590.981715337651
n: 9.073716585464424e-08
r**2: 0.07533371943328182
popt: [  3.38760303e-03   9.07371659e-08   5.90981715e+02]
pcov: [[  4.31531332e-04  -2.99399563e-03   1.68055973e+09]
 [ -2.99399563e-03   7.07148557e-01  -1.01326738e+10]
 [  1.68055973e+09  -1.01326738e+10   6.58149996e+21]]
rsq: [0.07533371943328182, 1.3007922974152462e-05, 1.4067694742994245e-05]
**************************

Res#:  56S
xdata: [0, 125, 250, 500, 1000, 2000, 4000]
ydata: [0.0, 0.0027834373540163346, 0.0029795183233506241, 0.0016822330843367687, 0.001764384509678157, 0.0027721415001810226, 0.00054968704112287538]
ymax: 0.0035175683666064305
yhalf: 0.0017587841833032153
K0.5: 172.63631017367138
n: 6.179199415217633e-09
r**2: 0.38004305311713094
popt: [  3.51756837e-03   6.17919942e-09   1.72636310e+02]
pcov: [[ inf  inf  inf]
 [ inf  inf  inf]
 [ inf  inf  inf]]
rsq: [0.38004305311713094, 5.034806360016976e-06, 8.121219361008664e-06]
**************************

Res#:  57R
xdata: [0, 125, 250, 500, 1000, 2000, 4000]
ydata: [0.0, 0.0033238843112647931, 0.0020979445582517886, 0.0030700842618798154, 0.0038441115591371193, 0.00039747202639144432, 0.0020645698282125663]
ymax: 0.004932688860982107
yhalf: 0.0024663444304910535
K0.5: 223.90541905178054
n: 7.234607100572455e-10
r**2: 0.4076726323840836
popt: [  4.93268886e-03   7.23460710e-10   2.23905419e+02]
pcov: [[ inf  inf  inf]
 [ inf  inf  inf]
 [ inf  inf  inf]]
rsq: [0.4076726323840836, 7.575493019817016e-06, 1.2789368572159579e-05]
**************************

Res#:  58I
xdata: [0, 125, 250, 500, 1000, 2000, 4000]
ydata: [0.0, 0.001432112369317583, 0.00015244148003385071, 0.00083376033118781764, 0.0032547699157135621, 0.003201921200732006, 0.0031464781175740597]
ymax: 0.003201057066749545
yhalf: 0.0016005285333747725
K0.5: 524.2183095951864
n: 22.061230317764036
r**2: 0.8383842920113955
popt: [  3.20105707e-03   2.20612303e+01   5.24218310e+02]
pcov: [[  2.58051793e-07  -1.57732535e+02   1.79996033e+02]
 [ -1.57732535e+02   2.93688198e+11  -3.35138186e+11]
 [  1.79996033e+02  -3.35138186e+11   3.82438262e+11]]
rsq: [0.8383842920113955, 2.0800490676323073e-06, 1.2870339730708421e-05]
**************************

Res#:  59R
xdata: [0, 125, 250, 500, 1000, 2000, 4000]
ydata: [0.0, 0.0036628470149283831, 0.0010573880268157957, 0.0035641879631965029, 0.0030501898601019047, 0.0016775091311942211, 0.0028096649178853167]
!¡FIT FAILED TO FIND MINIMIZATION!¡
**************************

Res#:  60M
xdata: [0, 125, 250, 500, 1000, 2000, 4000]
ydata: [0.0, 0.0035852309917067354, 0.001863442963672789, 0.0019130061371128086, 0.0003355548361003573, 0.0010027794029959034, 0.0021078753545592608]
ymax: 0.0033459170978296492
yhalf: 0.0016729585489148246
K0.5: 496.3525334889298
n: 4.598343005315184e-09
r**2: 0.3027488113115314
popt: [  3.34591710e-03   4.59834301e-09   4.96352533e+02]
pcov: [[ inf  inf  inf]
 [ inf  inf  inf]
 [ inf  inf  inf]]
rsq: [0.3027488113115314, 6.177634487520294e-06, 8.859984160285823e-06]
**************************

Res#:  61Y
xdata: [0, 125, 250, 500, 1000, 2000, 4000]
ydata: [0.0, 0.0010453068713993222, 0.0017015268210296515, 0.00051005933248090011, 0.00089921704808391761, 0.00051757319059871608, 0.00083468028384299498]
ymax: 0.0016490123968382056
yhalf: 0.0008245061984191028
K0.5: 416.36833043365806
n: 1.3139683984102676e-08
r**2: 0.39719802194288156
popt: [  1.64901240e-03   1.31396840e-08   4.16368330e+02]
pcov: [[  2.47654780e-07  -1.76542455e-05   4.47540037e+06]
 [ -1.76542455e-05   5.57932870e-02  -1.01026818e+09]
 [  4.47540037e+06  -1.01026818e+09   2.56105805e+20]]
rsq: [0.39719802194288156, 1.0166880481410473e-06, 1.6866037026253938e-06]
**************************

Res#:  62T
xdata: [0, 125, 250, 500, 1000, 2000, 4000]
ydata: [0.0, 0.0033745542045073604, 0.0011838217693612263, 0.0018350095414563549, 0.0017003457341666841, 0.0018180481778438716, 0.0019424936134256833]
ymax: 0.003525864869499392
yhalf: 0.001762932434749696
K0.5: 371.5816588086463
n: 3.227405843796037e-09
r**2: 0.5080204343626425
popt: [  3.52586487e-03   3.22740584e-09   3.71581659e+02]
pcov: [[  1.35322096e-06   9.00374929e-05   8.63858950e+06]
 [  9.00374929e-05   1.33126819e-02   5.74774531e+08]
 [  8.63858950e+06   5.74774531e+08   1.15807384e+20]]
rsq: [0.5080204343626425, 2.977086063908257e-06, 6.051239262450778e-06]
**************************

Res#:  63F
xdata: [0, 125, 250, 500, 1000, 2000, 4000]
ydata: [0.0, 0.0017507560719907448, 0.0034376615963614449, 0.0023712803479432549, 0.0046437272705913812, 0.0025095841943207214, 0.0016942066820294689]
!¡FIT FAILED TO FIND MINIMIZATION!¡
**************************

Res#:  64M
xdata: [0, 125, 250, 500, 1000, 2000, 4000]
ydata: [0.0, 0.0010975049505379535, 0.0039421028442954073, 0.0041936264534329542, 0.0013137511357204056, 0.0033216415869778471, 0.000559433522151599]
ymax: 0.004304289888572044
yhalf: 0.002152144944286022
K0.5: 193.41077063347242
n: 4.645711953557637e-08
r**2: 0.2589172098997231
popt: [  4.30428989e-03   4.64571195e-08   1.93410771e+02]
pcov: [[  2.44805761e-04  -1.18561660e-02   2.97969017e+08]
 [ -1.18561660e-02   7.43088638e-01  -1.39042355e+10]
 [  2.97969017e+08  -1.39042355e+10   3.68571055e+20]]
rsq: [0.2589172098997231, 1.3091217863239246e-05, 1.766498701375572e-05]
**************************

Res#:  65W
xdata: [0, 125, 250, 500, 1000, 2000, 4000]
ydata: [0.0, 0.0028115481276566948, 0.00029614883767993267, 0.001133206196813285, 0.0024264527387921962, 0.0038365132429094679, 0.0040423170089996172]
!¡FIT FAILED TO FIND MINIMIZATION!¡
**************************

Res#:  66M
xdata: [0, 125, 250, 500, 1000, 2000, 4000]
ydata: [0.0, 0.0019828435327753418, 0.0025977179237755979, 0.00076099506352292118, 0.0038665192511114629, 0.001123710144870251, 0.0012115388467400831]
ymax: 0.0035235455944597795
yhalf: 0.0017617727972298897
K0.5: 361.42401392896005
n: 8.280810398944841e-08
r**2: 0.30441270238985674
popt: [  3.52354559e-03   8.28081040e-08   3.61424014e+02]
pcov: [[  6.10138245e-05  -5.29271173e-04   1.37806393e+08]
 [ -5.29271173e-04   2.59640149e-01  -4.53292926e+08]
 [  1.37806393e+08  -4.53292926e+08   3.19516021e+20]]
rsq: [0.30441270238985674, 6.889071747047091e-06, 9.903964276973065e-06]
**************************

Res#:  67W
xdata: [0, 125, 250, 500, 1000, 2000, 4000]
ydata: [0.0, 0.0043974417728921099, 0.0005556405578236545, 0.0012284557737740195, 0.0027850000656789923, 0.0047072555878920133, 0.003810178820249806]
!¡FIT FAILED TO FIND MINIMIZATION!¡
**************************

Res#:  68G
xdata: [0, 125, 250, 500, 1000, 2000, 4000]
ydata: [0.0, 0.0037383954754430702, 0.00050718979653612765, 0.0015275198210488844, 0.0019417079890448952, 0.0040163220851232029, 0.003285915471077296]
!¡FIT FAILED TO FIND MINIMIZATION!¡
**************************

Res#:  69C
xdata: [0, 125, 250, 500, 1000, 2000, 4000]
ydata: [0.0, 0.001693073662615229, 0.00042356118415534953, 0.0012438824030811934, 0.00051977327343912796, 0.0041183533371020485, 0.0037936197221690414]
!¡FIT FAILED TO FIND MINIMIZATION!¡
**************************

Res#:  70Y
xdata: [0, 125, 250, 500, 1000, 2000, 4000]
ydata: [0.0, 0.0049448578984241463, 0.0017569726305386691, 0.0012443210425740418, 0.00048375415337761278, 0.0051719395402638315, 0.0035196368667749474]
!¡FIT FAILED TO FIND MINIMIZATION!¡
**************************

Res#:  71F
xdata: [0, 125, 250, 500, 1000, 2000, 4000]
ydata: [0.0, 0.0020237533224158372, 0.0016679447769788419, 0.0026766556106961798, 0.001214556561454526, 0.0025063524492680207, 0.0011409909201116379]
!¡FIT FAILED TO FIND MINIMIZATION!¡
**************************

Res#:  72T
xdata: [0, 125, 250, 500, 1000, 2000, 4000]
ydata: [0.0, 0.0020301178978316052, 0.0008836798980428475, 0.0045575674205770942, 0.0018108815071279311, 0.0016048784307671068, 0.0015260061613762445]
ymax: 0.00394991756374652
yhalf: 0.00197495878187326
K0.5: 224.60831391556837
n: 5.7077599775268244e-08
r**2: 0.3052592430083819
popt: [  3.94991756e-03   5.70775998e-08   2.24608314e+02]
pcov: [[  7.54450897e+09  -1.12914214e+05   1.45561547e+22]
 [ -1.12914214e+05   1.97252080e+00  -2.17853377e+17]
 [  1.45561547e+22  -2.17853378e+17   2.80842187e+34]]
rsq: [0.3052592430083819, 8.229238833310085e-06, 1.1845049754881976e-05]
**************************

Res#:  73M
xdata: [0, 125, 250, 500, 1000, 2000, 4000]
ydata: [0.0, 0.0018545307446761242, 0.001070132615658976, 0.0012642218532000413, 0.0021209114393644884, 0.0012307235669901375, 0.001515750547812616]
!¡FIT FAILED TO FIND MINIMIZATION!¡
**************************

Res#:  74R
xdata: [0, 125, 250, 500, 1000, 2000, 4000]
ydata: [0.0, 0.0011399658809787064, 0.0013606062198170544, 0.00032950658562576996, 0.0023669530625017878, 0.001162784423594026, 0.00063990336812941697]
ymax: 0.002262726711659996
yhalf: 0.001131363355829998
K0.5: 292.9843780685844
n: 8.645169031354529e-08
r**2: 0.3198513591710268
popt: [  2.26272671e-03   8.64516903e-08   2.92984378e+02]
pcov: [[  2.32071164e-05  -2.50880759e-03   4.89075884e+07]
 [ -2.50880759e-03   4.51422028e-01  -4.95130809e+09]
 [  4.89075884e+07  -4.95130809e+09   1.05987327e+20]]
rsq: [0.3198513591710268, 2.464802717871502e-06, 3.62391772902372e-06]
**************************

Res#:  75C
xdata: [0, 125, 250, 500, 1000, 2000, 4000]
ydata: [0.0, 0.0018349107178345534, 0.0025847149829414987, 0.0047348072815679397, 0.0048308938525672591, 0.0036297477747172062, 0.0021457761947566534]
ymax: 0.003760241081221635
yhalf: 0.0018801205406108175
K0.5: 135.8948838355682
n: 2.6771494914618277
r**2: 0.7007015183519085
popt: [  3.76024108e-03   2.67714949e+00   1.35894884e+02]
pcov: [[  4.26625145e-07  -1.17648850e-03   1.29100493e-02]
 [ -1.17648850e-03   1.47364863e+01   1.82923022e+01]
 [  1.29100493e-02   1.82923022e+01   3.65765039e+03]]
rsq: [0.7007015183519085, 5.327078402457402e-06, 1.779854803513792e-05]
**************************

Res#:  76Q
xdata: [0, 125, 250, 500, 1000, 2000, 4000]
ydata: [0.0, 0.00030062506331726842, 0.0056133629283302835, 0.005595669616484545, 0.001332373367983667, 0.00094571466222520659, 0.0024946379258255652]
ymax: 0.005168469601526721
yhalf: 0.0025842348007633605
K0.5: 450.1552823500587
n: 1.6640990086014118e-08
r**2: 0.18306861987923972
popt: [  5.16846960e-03   1.66409901e-08   4.50155282e+02]
pcov: [[  5.54383254e-06  -8.92477552e-12   2.14369162e+07]
 [ -8.92477556e-12   1.13278672e+00  -1.53215021e+10]
 [  2.14369162e+07  -1.53215021e+10   7.04585096e+20]]
rsq: [0.18306861987923972, 2.7719163280442454e-05, 3.393083428420262e-05]
**************************

Res#:  77R
xdata: [0, 125, 250, 500, 1000, 2000, 4000]
ydata: [0.0, 0.0036508116260904207, 0.0035505663373352411, 0.0033929153432881365, 0.003812677656868756, 0.0012886571257637103, 0.00055852743065231802]
ymax: 0.004594974067333484
yhalf: 0.002297487033666742
K0.5: 82.35020025256752
n: 1.47153872153201e-08
r**2: 0.32530060456425136
popt: [  4.59497407e-03   1.47153872e-08   8.23502003e+01]
pcov: [[  1.02301585e-05  -7.93805748e-04   7.16498863e+06]
 [ -7.93805748e-04   1.10050752e-01  -3.62273916e+08]
 [  7.16498863e+06  -3.62273916e+08   8.92036634e+18]]
rsq: [0.32530060456425136, 1.0939179360149191e-05, 1.621341212716549e-05]
**************************

Res#:  78N
xdata: [0, 125, 250, 500, 1000, 2000, 4000]
ydata: [0.0, 0.003818472830233136, 0.0045494927011167042, 0.0042829625780257475, 0.00051070542084836904, 0.0026859889465599964, 0.00040909106494191051]
ymax: 0.004483832821251744
yhalf: 0.002241916410625872
K0.5: 378.6175728816146
n: 8.750014632568579e-08
r**2: 0.21185488352478898
popt: [  4.48383282e-03   8.75001463e-08   3.78617573e+02]
pcov: [[  5.89340428e-05  -5.66237782e-03   1.03389279e+08]
 [ -5.66237782e-03   9.16080999e-01  -9.41433093e+09]
 [  1.03389279e+08  -9.41433093e+09   1.94748003e+20]]
rsq: [0.21185488352478898, 1.8529850045939005e-05, 2.351070844517732e-05]
**************************

Res#:  79Q
xdata: [0, 125, 250, 500, 1000, 2000, 4000]
ydata: [0.0, 0.0021061502181497541, 0.0046614896410573179, 0.00067824974401133303, 0.0023284352752292185, 0.0033891100535756542, 0.00095434740596269546]
ymax: 0.004389657117357225
yhalf: 0.0021948285586786123
K0.5: 442.11966218880525
n: 6.521512996579963e-09
r**2: 0.2877439044157527
popt: [  4.38965712e-03   6.52151300e-09   4.42119662e+02]
pcov: [[ inf  inf  inf]
 [ inf  inf  inf]
 [ inf  inf  inf]]
rsq: [0.2877439044157527, 1.1375244611443482e-05, 1.597072272454563e-05]
**************************

Res#:  80S
xdata: [0, 125, 250, 500, 1000, 2000, 4000]
