# fitting for parameter: 'CSP'
fit performed: Hill Equation
(Vmax*[S]**n)/(K0.5**n+[S]**n)

Res#:  1M
xdata: [0, 125, 250, 500, 1000, 2000, 4000]
ydata: [0.0, 0.17969326608698119, 0.34191763315755108, 0.37194600377442816, 0.37496440383970336, 0.38073222762744424, 0.37920012462069352]
ymax: 0.37790908219484914
yhalf: 0.18895454109742457
K0.5: 128.65850739863174
n: 3.3633229961132325
r**2: 0.9998370047174613
popt: [   0.37790908    3.363323    128.6585074 ]
pcov: [[  1.49274609e-06  -6.28330306e-05   3.33545605e-04]
 [ -6.28330306e-05   1.33251538e-02   5.93017183e-03]
 [  3.33545605e-04   5.93017183e-03   8.82441040e-01]]
rsq: [0.9998370047174613, 2.1040371781157233e-05, 0.12908577140052313]
**************************

Res#:  2S
xdata: [0, 125, 250, 500, 1000, 2000, 4000]
ydata: [0.0, 0.0076633387749136164, 0.046125984142398019, 0.19758030599240137, 0.36605123028689357, 0.41279469927813561, 0.41535116666302291]
ymax: 0.41882705407061954
yhalf: 0.20941352703530977
K0.5: 517.9034990525289
n: 2.913245079927137
r**2: 0.9999329821237443
popt: [  4.18827054e-01   2.91324508e+00   5.17903499e+02]
pcov: [[  2.27174309e-06  -3.95401102e-05   2.86297574e-03]
 [ -3.95401102e-05   2.51567707e-03  -5.16133152e-02]
 [  2.86297574e-03  -5.16133152e-02   1.14648919e+01]]
rsq: [0.9999329821237443, 1.4717833399369379e-05, 0.219610560967412]
**************************

Res#:  3T
xdata: [0, 125, 250, 500, 1000, 2000, 4000]
ydata: [0.0, 0.0044379234414568284, 0.0050139466989667829, 0.0066214897121795241, 0.0088974721209825903, 0.013277290928058997, 0.01967085115186987]
!¡FIT FAILED TO FIND MINIMIZATION!¡
**************************

Res#:  4K
xdata: [0, 125, 250, 500, 1000, 2000, 4000]
ydata: [0.0, 0.088756429716586843, 0.15736713506464459, 0.19884269786358441, 0.21306160979473657, 0.21315346688348033, 0.21790926324303278]
ymax: 0.217096064571896
yhalf: 0.108548032285948
K0.5: 151.28573247194223
n: 1.9621027697683355
r**2: 0.9997432975101327
popt: [   0.21709606    1.96210277  151.28573247]
pcov: [[  1.16895372e-06  -3.88513722e-05   8.79146357e-04]
 [ -3.88513722e-05   4.02088422e-03   5.65753289e-03]
 [  8.79146357e-04   5.65753289e-03   4.28914698e+00]]
rsq: [0.9997432975101327, 1.0537420885815106e-05, 0.041049157299806016]
**************************

Res#:  5C
xdata: [0, 125, 250, 500, 1000, 2000, 4000]
ydata: [0.0, 0.0026632074872807313, 0.0021584916498305754, 0.0038329758709175609, 0.006494910915995666, 0.0036336239732711498, 0.01019994292404666]
!¡FIT FAILED TO FIND MINIMIZATION!¡
**************************

Res#:  6M
xdata: [0, 125, 250, 500, 1000, 2000, 4000]
ydata: [0.0, 0.0064862029858863282, 0.0026777650840040372, 0.0078764537403486039, 0.012021596097353881, 0.013937282134779299, 0.017331074286735432]
ymax: 0.03309729108580391
yhalf: 0.016548645542901953
K0.5: 3309.050858451242
n: 0.6047114594456754
r**2: 0.9261661684418804
popt: [  3.30972911e-02   6.04711459e-01   3.30905086e+03]
pcov: [[  2.12316227e-03  -2.03255906e-02   6.88550536e+02]
 [ -2.03255906e-02   2.10683432e-01  -6.67764487e+03]
 [  6.88550536e+02  -6.67764487e+03   2.24252390e+08]]
rsq: [0.9261661684418804, 1.7014833256419772e-05, 0.000230447653837743]
**************************

Res#:  8T
xdata: [0, 125, 250, 500, 1000, 2000, 4000]
ydata: [0.0, 0.029778025696402057, 0.03285376254214542, 0.043375714972219669, 0.055023360187924961, 0.063189627509120078, 0.069776554036171348]
ymax: 0.10006305898765462
yhalf: 0.05003152949382731
K0.5: 771.40561916203
n: 0.5302027571861402
r**2: 0.9951802826560409
popt: [  1.00063059e-01   5.30202757e-01   7.71405619e+02]
pcov: [[  4.56091056e-04  -2.58295733e-03   1.44307579e+01]
 [ -2.58295733e-03   1.57003802e-02  -8.18167501e+01]
 [  1.44307579e+01  -8.18167501e+01   4.59352730e+05]]
rsq: [0.9951802826560409, 1.6334350227372012e-05, 0.0033890680846346147]
**************************

Res#:  9L
xdata: [0, 125, 250, 500, 1000, 2000, 4000]
ydata: [0.0, 0.0035457921378377411, 0.0019718676609933902, 0.0015963281890301159, 0.0073514670417284666, 0.010176862653565667, 0.013555849165173934]
ymax: 0.026995772106061522
yhalf: 0.013497886053030761
K0.5: 3810.3059741929633
n: 0.8752859805444348
r**2: 0.9234681086599452
popt: [  2.69957721e-02   8.75285981e-01   3.81030597e+03]
pcov: [[  1.28935763e-03  -1.87106569e-02   4.01129315e+02]
 [ -1.87106569e-02   3.06262465e-01  -5.93504736e+03]
 [  4.01129315e+02  -5.93504736e+03   1.25608766e+08]]
rsq: [0.9234681086599452, 1.1628252913525219e-05, 0.00015193996528659276]
**************************

Res#:  10A
xdata: [0, 125, 250, 500, 1000, 2000, 4000]
ydata: [0.0, 0.00082034410858563319, 0.0027133580749458615, 0.002078473122534329, 0.0036410750112529891, 0.003392181621318143, 0.0042586060215836895]
ymax: 0.004410384803535333
yhalf: 0.0022051924017676664
K0.5: 324.91475912357845
n: 0.9676950631428112
r**2: 0.9003754150453133
popt: [  4.41038480e-03   9.67695063e-01   3.24914759e+02]
pcov: [[  1.58885163e-06  -7.41038386e-04   2.90872400e-01]
 [ -7.41038386e-04   4.53190626e-01  -1.27012085e+02]
 [  2.90872400e-01  -1.27012085e+02   6.35899349e+04]]
rsq: [0.9003754150453133, 1.4380258090617768e-06, 1.4434447177028133e-05]
**************************

Res#:  11N
xdata: [0, 125, 250, 500, 1000, 2000, 4000]
ydata: [0.0, 0.0019063117335728125, 0.0043014119387606688, 0.0055358107752605185, 0.0057937349161216369, 0.0064891668817774256, 0.0069171663141453579]
ymax: 0.006604558720422535
yhalf: 0.0033022793602112675
K0.5: 193.56283680979917
n: 1.7485438948723542
r**2: 0.9888822187869206
popt: [  6.60455872e-03   1.74854389e+00   1.93562837e+02]
pcov: [[  6.43407921e-08  -5.33917331e-05   2.67056326e-03]
 [ -5.33917331e-05   1.15247903e-01  -1.20835141e+00]
 [  2.67056326e-03  -1.20835141e+00   3.73081734e+02]]
rsq: [0.9888822187869206, 4.3935873135335233e-07, 3.9518562466085965e-05]
**************************

Res#:  12E
xdata: [0, 125, 250, 500, 1000, 2000, 4000]
ydata: [0.0, 0.0061108846775201802, 0.0074322288178569635, 0.0089521155980355448, 0.01224670645445277, 0.012298891229585841, 0.01914901653814861]
!¡FIT FAILED TO FIND MINIMIZATION!¡
**************************

Res#:  13S
xdata: [0, 125, 250, 500, 1000, 2000, 4000]
ydata: [0.0, 0.0022251123144854845, 0.0061511453882001884, 0.0073599476335386169, 0.01145725479488024, 0.011476081411854669, 0.014722480002628872]
ymax: 0.015607770312086617
yhalf: 0.0078038851560433085
K0.5: 486.1433971729776
n: 1.053428295893645
r**2: 0.9730631166919841
popt: [  1.56077703e-02   1.05342830e+00   4.86143397e+02]
pcov: [[  5.84397029e-06  -6.89431094e-04   4.42655982e-01]
 [ -6.89431094e-04   1.09016490e-01  -5.11162753e+01]
 [  4.42655982e-01  -5.11162753e+01   3.82490720e+04]]
rsq: [0.9730631166919841, 4.56399959043965e-06, 0.00016943309804076293]
**************************

Res#:  14H
xdata: [0, 125, 250, 500, 1000, 2000, 4000]
ydata: [0.0, 0.0043767368205442792, 0.0041192417764604333, 0.0049658425770943097, 0.0027900423268046298, 0.0071567929672715826, 0.0099361178846328994]
!¡FIT FAILED TO FIND MINIMIZATION!¡
**************************

Res#:  15M
xdata: [0, 125, 250, 500, 1000, 2000, 4000]
ydata: [0.0, 0.0026759916138362487, 0.0054194039261702609, 0.0016663954642310954, 0.0064916154407560368, 0.0064692335567918006, 0.0049111482702881553]
ymax: 0.006229019417323012
yhalf: 0.003114509708661506
K0.5: 140.2785791225161
n: 0.7580842228093474
r**2: 0.6212977904279404
popt: [  6.22901942e-03   7.58084223e-01   1.40278579e+02]
pcov: [[  2.17885464e-05  -8.13540640e-03   9.94546840e-01]
 [ -8.13540640e-03   3.61823316e+00  -2.81514809e+02]
 [  9.94546840e-01  -2.81514809e+02   7.55442817e+04]]
rsq: [0.6212977904279404, 1.4515545928389093e-05, 3.832971015614598e-05]
**************************

Res#:  16V
xdata: [0, 125, 250, 500, 1000, 2000, 4000]
ydata: [0.0, 0.0027765066483373853, 0.0026004651422080567, 0.0044793609209905216, 0.0099960006006378794, 0.014450756868646391, 0.017737429933479987]
ymax: 0.02270392757571011
yhalf: 0.011351963787855055
K0.5: 1304.6183866965303
n: 1.1834028430790833
r**2: 0.9870173599451646
popt: [  2.27039276e-02   1.18340284e+00   1.30461839e+03]
pcov: [[  1.69218625e-05  -9.23259308e-04   2.01281617e+00]
 [ -9.23259308e-04   6.38422812e-02  -1.11425189e+02]
 [  2.01281617e+00  -1.11425189e+02   2.50481754e+05]]
rsq: [0.9870173599451646, 3.5184115605278786e-06, 0.0002710089431476955]
**************************

Res#:  17I
xdata: [0, 125, 250, 500, 1000, 2000, 4000]
ydata: [0.0, 0.0037899222684581266, 4.0566612274456244e-05, 0.0017758795277506396, 0.0027314497288797534, 0.0062392832438678729, 0.0072699894054995603]
!¡FIT FAILED TO FIND MINIMIZATION!¡
**************************

Res#:  18M
xdata: [0, 125, 250, 500, 1000, 2000, 4000]
ydata: [0.0, 0.0055605568146040955, 0.0017171950420513588, 0.0054893404131690238, 0.0090177125827464975, 0.009641029209772254, 0.015908668676990468]
!¡FIT FAILED TO FIND MINIMIZATION!¡
**************************

Res#:  19F
xdata: [0, 125, 250, 500, 1000, 2000, 4000]
ydata: [0.0, 0.0035111043868625742, 0.00096634052032482413, 0.0068280054636704873, 0.05176954260275983, 0.24870197698676061, 0.38259698015501636]
ymax: 0.40501200035444346
yhalf: 0.20250600017722173
K0.5: 1747.0897609111212
n: 3.4272888068759855
r**2: 0.999900494561529
popt: [  4.05012000e-01   3.42728881e+00   1.74708976e+03]
pcov: [[  9.06641189e-06  -1.42598991e-04   3.06981577e-02]
 [ -1.42598991e-04   5.31966344e-03  -4.25739905e-01]
 [  3.06981577e-02  -4.25739905e-01   1.83124569e+02]]
rsq: [0.999900494561529, 1.4139103847970302e-05, 0.1420937796489521]
**************************

Res#:  22Q
xdata: [0, 125, 250, 500, 1000, 2000, 4000]
ydata: [0.0, 0.14839549095778762, 0.2929376664776584, 0.36242754160470603, 0.3783941322392298, 0.38300066532184418, 0.38645766795120867]
ymax: 0.3846494917073257
yhalf: 0.19232474585366285
K0.5: 152.39224336401242
n: 2.3405489989138597
r**2: 0.9999466447228806
popt: [   0.38464949    2.340549    152.39224336]
pcov: [[  6.52908306e-07  -1.34391849e-05   2.68134994e-04]
 [ -1.34391849e-05   1.12808703e-03  -5.52673142e-05]
 [  2.68134994e-04  -5.52673142e-05   7.00561625e-01]]
rsq: [0.9999466447228806, 7.165355401861799e-06, 0.13429515858075575]
**************************

Res#:  23Y
xdata: [0, 125, 250, 500, 1000, 2000, 4000]
ydata: [0.0, 0.002064298241219622, 0.0064950700163143929, 0.030309504071189132, 0.13187806341354341, 0.27259576873092556, 0.33430327867002896]
ymax: 0.3495204961982491
yhalf: 0.17476024809912455
K0.5: 1219.476811422173
n: 2.5811936253066867
r**2: 0.9999537700567853
popt: [  3.49520496e-01   2.58119363e+00   1.21947681e+03]
pcov: [[  3.27110757e-06  -4.80772185e-05   1.30495371e-02]
 [ -4.80772185e-05   1.32832563e-03  -1.94621045e-01]
 [  1.30495371e-02  -1.94621045e-01   7.89033217e+01]]
rsq: [0.9999537700567853, 5.456686824066481e-06, 0.11803360429677356]
**************************

Res#:  24M
xdata: [0, 125, 250, 500, 1000, 2000, 4000]
ydata: [0.0, 0.0010250302225290699, 0.0021801195407534254, 0.027431588283181978, 0.15158016125524584, 0.35915173663149119, 0.4257434274911906]
ymax: 0.43706109017247297
yhalf: 0.21853054508623648
K0.5: 1224.159683051789
n: 3.0924674618786723
r**2: 0.9999738350356295
popt: [  4.37061090e-01   3.09246746e+00   1.22415968e+03]
pcov: [[  2.31239209e-06  -3.64963045e-05   6.53379627e-03]
 [ -3.64963045e-05   1.21451026e-03  -1.09348481e-01]
 [  6.53379627e-03  -1.09348481e-01   3.24802063e+01]]
rsq: [0.9999738350356295, 5.242599883241721e-06, 0.20036717073300964]
**************************

Res#:  25Y
xdata: [0, 125, 250, 500, 1000, 2000, 4000]
ydata: [0.0, 0.0052653064206485611, 0.0042391660377904296, 0.013229331276210584, 0.070633398597074265, 0.27555445587815852, 0.40551954035689053]
ymax: 0.43223780577757054
yhalf: 0.21611890288878527
K0.5: 1672.5786496333324
n: 3.1284351054390687
r**2: 0.9996805089978256
popt: [  4.32237806e-01   3.12843511e+00   1.67257865e+03]
pcov: [[  3.65508144e-05  -4.66418360e-04   1.26332899e-01]
 [ -4.66418360e-04   1.27803432e-02  -1.51921277e+00]
 [  1.26332899e-01  -1.51921277e+00   6.92828802e+02]]
rsq: [0.9996805089978256, 5.10886114260412e-05, 0.15990626051542572]
**************************

Res#:  26L
xdata: [0, 125, 250, 500, 1000, 2000, 4000]
ydata: [0.0, 0.0027447137440345312, 0.0039134230172229228, 0.028357182163837525, 0.20607547148154376, 0.36270796460819038, 0.38426465115558361]
ymax: 0.385632588282322
yhalf: 0.192816294141161
K0.5: 965.1289971153841
n: 3.816997469895929
r**2: 0.9999436888986464
popt: [  3.85632588e-01   3.81699747e+00   9.65128997e+02]
pcov: [[  2.19214094e-06  -6.16963956e-05   3.72777705e-03]
 [ -6.16963956e-05   6.24042579e-03  -8.52760703e-02]
 [  3.72777705e-03  -8.52760703e-02   2.22893860e+01]]
rsq: [0.9999436888986464, 1.0307376896152222e-05, 0.18304342569021811]
**************************

Res#:  27R
xdata: [0, 125, 250, 500, 1000, 2000, 4000]
ydata: [0.0, 0.002524595779075631, 0.0084800990929465112, 0.081221127941802224, 0.30094117887564559, 0.36643732434805831, 0.37330860894165158]
ymax: 0.3731960730123968
yhalf: 0.1865980365061984
K0.5: 693.7649254996893
n: 3.885546030969031
r**2: 0.9999588108534317
popt: [  3.73196073e-01   3.88554603e+00   6.93764925e+02]
pcov: [[  1.17310681e-06  -2.41729666e-05   1.91786178e-03]
 [ -2.41729666e-05   2.46601449e-03  -4.38281407e-02]
 [  1.91786178e-03  -4.38281407e-02   1.12755648e+01]]
rsq: [0.9999588108534317, 7.723806099663323e-06, 0.18752042086797094]
**************************

Res#:  28R
xdata: [0, 125, 250, 500, 1000, 2000, 4000]
ydata: [0.0, 0.058921965693764726, 0.28688525297386552, 0.39416178045765105, 0.40849649826067291, 0.41222333500818042, 0.40740233565974759]
ymax: 0.4090441177135452
yhalf: 0.2045220588567726
K0.5: 199.81568044759229
n: 3.775670915483876
r**2: 0.9998942392718905
popt: [   0.40904412    3.77567092  199.81568045]
pcov: [[  1.43876615e-06  -2.48628955e-05   5.28624862e-04]
 [ -2.48628955e-05   5.31806062e-03   5.63870087e-03]
 [  5.28624862e-04   5.63870087e-03   1.63391138e+00]]
rsq: [0.9998942392718905, 2.0155052426155915e-05, 0.19057217916734415]
**************************

Res#:  30L
xdata: [0, 125, 250, 500, 1000, 2000, 4000]
ydata: [0.0, 0.0037106576413727678, 0.005907415150839989, 0.0082419807532659282, 0.015863802078146957, 0.019593774879639172, 0.02519878644607524]
ymax: 0.03437693099220657
yhalf: 0.017188465496103283
K0.5: 1383.8135017462123
n: 0.9393808784647388
r**2: 0.9923718456578087
popt: [  3.43769310e-02   9.39380878e-01   1.38381350e+03]
pcov: [[  3.85693047e-05  -9.41040891e-04   3.81143213e+00]
 [ -9.41040891e-04   2.72999960e-02  -9.43696749e+01]
 [  3.81143213e+00  -9.43696749e+01   3.84994046e+05]]
rsq: [0.9923718456578087, 3.863371628717015e-06, 0.0005064621736019029]
**************************

Res#:  31N
xdata: [0, 125, 250, 500, 1000, 2000, 4000]
ydata: [0.0, 0.0057530722152606562, 0.0079598492254850332, 0.0082106457687070727, 0.013915434939910933, 0.017738997554307082, 0.018454299286283986]
ymax: 0.02609084308093145
yhalf: 0.013045421540465726
K0.5: 928.8647995283362
n: 0.7000477183683464
r**2: 0.9731684822336959
popt: [  2.60908431e-02   7.00047718e-01   9.28864800e+02]
pcov: [[  9.30970202e-05  -2.57249639e-03   1.07119390e+01]
 [ -2.57249639e-03   7.99501262e-02  -2.97628228e+02]
 [  1.07119390e+01  -2.97628228e+02   1.24977264e+06]]
rsq: [0.9731684822336959, 7.28497858178171e-06, 0.00027150825552367476]
**************************

Res#:  32T
xdata: [0, 125, 250, 500, 1000, 2000, 4000]
ydata: [0.0, 0.0028391135391920841, 0.0022132388562451622, 0.0021949987543332674, 0.0011859073127335452, 0.0020616055408653579, 0.0035227340648190551]
!¡FIT FAILED TO FIND MINIMIZATION!¡
**************************

Res#:  33I
xdata: [0, 125, 250, 500, 1000, 2000, 4000]
ydata: [0.0, 0.0048279905033094166, 0.0020210108593831525, 0.0026283332116027666, 0.0053765318449610694, 0.0031053068731870031, 0.0059260946515435889]
!¡FIT FAILED TO FIND MINIMIZATION!¡
**************************

Res#:  34R
xdata: [0, 125, 250, 500, 1000, 2000, 4000]
ydata: [0.0, 0.0037866734108910017, 0.0023978935650550413, 0.0037414473269906118, 0.0029323676510085218, 0.0078653258297327142, 0.0045073334260326697]
ymax: 0.011308932859822037
yhalf: 0.005654466429911019
K0.5: 3946.161983678177
n: 0.31636098750165814
r**2: 0.606459211314869
popt: [  1.13089329e-02   3.16360988e-01   3.94616198e+03]
pcov: [[  8.48635332e-03  -1.47141878e-01   1.83387184e+04]
 [ -1.47141878e-01   2.61569299e+00  -3.19177714e+05]
 [  1.83387184e+04  -3.19177714e+05   3.96651691e+10]]
rsq: [0.606459211314869, 1.334959928187253e-05, 3.392176787182648e-05]
**************************

Res#:  35S
xdata: [0, 125, 250, 500, 1000, 2000, 4000]
ydata: [0.0, 0.0013704959929497567, 0.0015872877333695406, 0.0026371950716321305, 0.0053478096133549192, 0.0057531081150449795, 0.010644818010564517]
!¡FIT FAILED TO FIND MINIMIZATION!¡
**************************

Res#:  36R
xdata: [0, 125, 250, 500, 1000, 2000, 4000]
ydata: [0.0, 0.0036170223487862491, 0.0048045263768091125, 0.01079432379873704, 0.016733278155293636, 0.018179162596854877, 0.030257303651394677]
ymax: 0.12154961119300288
yhalf: 0.06077480559650144
K0.5: 23843.78619372568
n: 0.6359155029896261
r**2: 0.9732654449057409
popt: [  1.21549611e-01   6.35915503e-01   2.38437862e+04]
pcov: [[  1.02094863e-01  -8.97384845e-02   4.71177005e+04]
 [ -8.97384845e-02   8.47923995e-02  -4.19627730e+04]
 [  4.71177005e+04  -4.19627730e+04   2.18016627e+10]]
rsq: [0.9732654449057409, 1.7682145880676094e-05, 0.0006613966762616187]
**************************

Res#:  37T
xdata: [0, 125, 250, 500, 1000, 2000, 4000]
ydata: [0.0, 0.0054609259194190532, 0.004269882109132519, 0.0083368556383059782, 0.0071007737996584813, 0.01080430602736979, 0.023092747809927348]
!¡FIT FAILED TO FIND MINIMIZATION!¡
**************************

Res#:  38T
xdata: [0, 125, 250, 500, 1000, 2000, 4000]
ydata: [0.0, 0.00073989608737119066, 0.00553722980006866, 0.0089925993113840596, 0.015574560877453347, 0.019973358746189725, 0.02205665632664941]
ymax: 0.02343704304144796
yhalf: 0.01171852152072398
K0.5: 644.5767004730063
n: 1.5298802734419605
r**2: 0.9949126369290953
popt: [  2.34370430e-02   1.52988027e+00   6.44576700e+02]
pcov: [[  1.51177431e-06  -1.79549337e-04   7.63017639e-02]
 [ -1.79549337e-04   3.55332608e-02  -9.03382934e+00]
 [  7.63017639e-02  -9.03382934e+00   5.12050396e+03]]
rsq: [0.9949126369290953, 2.4490924193874144e-06, 0.00048140704432795417]
**************************

Res#:  39I
xdata: [0, 125, 250, 500, 1000, 2000, 4000]
ydata: [0.0, 0.0018052766161704165, 0.0030120328478329766, 0.0030742785701893698, 0.0031606166393145694, 0.0047522256162067164, 0.0033867026403292038]
ymax: 0.003926795702177821
yhalf: 0.0019633978510889107
K0.5: 129.97230444869
n: 1.2190223865020935
r**2: 0.884774929638971
popt: [  3.92679570e-03   1.21902239e+00   1.29972304e+02]
pcov: [[  4.11232968e-07  -5.44187851e-04   1.26118297e-02]
 [ -5.44187851e-04   1.19646519e+00   8.66885126e+00]
 [  1.26118297e-02   8.66885126e+00   3.84489112e+03]]
rsq: [0.884774929638971, 1.5222647592604084e-06, 1.3211228723842577e-05]
**************************

Res#:  40H
xdata: [0, 125, 250, 500, 1000, 2000, 4000]
ydata: [0.0, 0.01489040147573796, 0.015608680586799565, 0.016271527176526631, 0.016944029795168011, 0.018224129506202152, 0.015306190503038598]
ymax: 0.016808317548308322
yhalf: 0.008404158774154161
K0.5: 25.482853894225503
n: 1.2504937316150107
r**2: 0.9802990665876836
popt: [  1.68083175e-02   1.25049373e+00   2.54828539e+01]
pcov: [[  8.33596447e-07  -1.44094734e-03  -3.98936611e-02]
 [ -1.44094734e-03   4.22211769e+00   1.31966477e+02]
 [ -3.98936611e-02   1.31966477e+02   4.31823632e+03]]
rsq: [0.9802990665876836, 4.583930007150926e-06, 0.0002326757779042693]
**************************

Res#:  41F
xdata: [0, 125, 250, 500, 1000, 2000, 4000]
ydata: [0.0, 0.0027714940924599414, 0.0048781205862749909, 0.0019357625922280532, 0.0026835850626323664, 0.00065414370148587345, 0.0051566603893768524]
ymax: 0.006028058903240897
yhalf: 0.0030140294516204486
K0.5: 376.82624096361445
n: 2.282934592222045e-06
r**2: 0.34212771366415173
popt: [  6.02805890e-03   2.28293459e-06   3.76826241e+02]
pcov: [[  7.47177454e-02   3.30884320e-02   3.23091871e+09]
 [  3.30884320e-02   2.10847607e-01   1.44688842e+09]
 [  3.23091871e+09   1.44688842e+09   1.39716236e+20]]
rsq: [0.34212771366415173, 1.4965440177255573e-05, 2.2748245348057744e-05]
**************************

Res#:  42V
xdata: [0, 125, 250, 500, 1000, 2000, 4000]
ydata: [0.0, 0.0036961316094364098, 0.0020453765305042367, 0.0084314681444864602, 0.012247617664906729, 0.013097165587181631, 0.021958125715618389]
ymax: 0.10154874795463051
yhalf: 0.050774373977315254
K0.5: 33614.47460475153
n: 0.6187639663214439
r**2: 0.9516034267476421
popt: [  1.01548748e-01   6.18763966e-01   3.36144746e+04]
pcov: [[  1.90726983e-01  -1.65755795e-01   1.47119523e+05]
 [ -1.65755795e-01   1.54335561e-01  -1.29417621e+05]
 [  1.47119523e+05  -1.29417621e+05   1.13739669e+11]]
rsq: [0.9516034267476421, 1.7071213558583442e-05, 0.0003527359978477758]
**************************

Res#:  43T
xdata: [0, 125, 250, 500, 1000, 2000, 4000]
ydata: [0.0, 0.19901937519172627, 0.20851343463676381, 0.21352673420529314, 0.21334785618514102, 0.21330597375696259, 0.21223572240884181]
ymax: 0.21331071156269746
yhalf: 0.10665535578134873
K0.5: 31.62201788739163
n: 1.9100032197220624
r**2: 0.999907198520411
popt: [  0.21331071   1.91000322  31.62201789]
pcov: [[  3.44499459e-07  -1.44203371e-04  -2.91830192e-03]
 [ -1.44203371e-04   1.54266268e-01   3.45829918e+00]
 [ -2.91830192e-03   3.45829918e+00   7.92216986e+01]]
rsq: [0.999907198520411, 3.522679512544569e-06, 0.03795930332303697]
**************************

Res#:  44I
xdata: [0, 125, 250, 500, 1000, 2000, 4000]
ydata: [0.0, 0.02631493297851038, 0.081105365070704163, 0.16950193442748535, 0.21764187293611445, 0.23912898744748157, 0.24482190855240291]
ymax: 0.2450348668227618
yhalf: 0.1225174334113809
K0.5: 346.68585715254085
n: 2.083390107894102
r**2: 0.999707804856307
popt: [  2.45034867e-01   2.08339011e+00   3.46685857e+02]
pcov: [[  3.03038748e-06  -6.06728574e-05   6.06015191e-03]
 [ -6.06728574e-05   3.62936923e-03  -1.16803316e-01]
 [  6.06015191e-03  -1.16803316e-01   3.08697285e+01]]
rsq: [0.999707804856307, 1.861439994235038e-05, 0.06370537068851481]
**************************

Res#:  45M
xdata: [0, 125, 250, 500, 1000, 2000, 4000]
ydata: [0.0, 0.0095757526057917933, 0.040146853161535635, 0.10923254156750065, 0.19591569729673031, 0.24367092597819986, 0.25895267032474156]
ymax: 0.26455650645911477
yhalf: 0.13227825322955739
K0.5: 594.2580515770748
n: 2.017723737580298
r**2: 0.9999637402430367
popt: [  2.64556506e-01   2.01772374e+00   5.94258052e+02]
pcov: [[  7.87846481e-07  -1.27150212e-05   2.58030613e-03]
 [ -1.27150212e-05   4.62609809e-04  -4.16064070e-02]
 [  2.58030613e-03  -4.16064070e-02   1.53797017e+01]]
rsq: [0.9999637402430367, 2.6617486624441057e-06, 0.07340779104332151]
**************************

Res#:  46W
xdata: [0, 125, 250, 500, 1000, 2000, 4000]
ydata: [0.0, 0.0076933840460247189, 0.02436940178227686, 0.063452504900992149, 0.13775756868830363, 0.20107512782000692, 0.22166833152344081]
ymax: 0.2343702801437167
yhalf: 0.11718514007185835
K0.5: 823.5060728043683
n: 1.9137463315979755
r**2: 0.9995127554827326
popt: [  2.34370280e-01   1.91374633e+00   8.23506073e+02]
pcov: [[  1.33519188e-05  -2.04939741e-04   7.04733020e-02]
 [ -2.04939741e-04   5.81658227e-03  -1.08331005e+00]
 [  7.04733020e-02  -1.08331005e+00   5.41399448e+02]]
rsq: [0.9995127554827326, 2.5212394542137234e-05, 0.05174485016996225]
**************************

Res#:  47H
xdata: [0, 125, 250, 500, 1000, 2000, 4000]
ydata: [0.0, 0.13570420370344582, 0.16051152494682408, 0.16580687917849382, 0.16586093134984645, 0.1645228698728686, 0.16334829355583427]
ymax: 0.1649374425319857
yhalf: 0.08246872126599285
K0.5: 76.16912291603533
n: 3.096492446199213
r**2: 0.9997494487912225
popt: [  0.16493744   3.09649245  76.16912292]
pcov: [[  4.06404360e-07  -1.58230380e-04  -1.59476705e-03]
 [ -1.58230380e-04   2.42291450e-01   2.90616139e+00]
 [ -1.59476705e-03   2.90616139e+00   3.65894357e+01]]
rsq: [0.9997494487912225, 5.6214914225529e-06, 0.022436496914071603]
**************************

Res#:  48W
xdata: [0, 125, 250, 500, 1000, 2000, 4000]
ydata: [0.0, 0.0099448782426829717, 0.037799448422161791, 0.1044559982719476, 0.20279823398455299, 0.26559564855995382, 0.28663111539488878]
ymax: 0.29578234341436044
yhalf: 0.14789117170718022
K0.5: 674.542210185812
n: 1.9751060075550242
r**2: 0.9999593260796761
popt: [  2.95782343e-01   1.97510601e+00   6.74542210e+02]
pcov: [[  1.31358861e-06  -1.77839148e-05   4.43201690e-03]
 [ -1.77839148e-05   5.01808865e-04  -5.99924759e-02]
 [  4.43201690e-03  -5.99924759e-02   2.48472181e+01]]
rsq: [0.9999593260796761, 3.6071519508910125e-06, 0.08868463925190985]
**************************

Res#:  49R
xdata: [0, 125, 250, 500, 1000, 2000, 4000]
ydata: [0.0, 0.00035015269971892349, 0.018187184287337853, 0.060443009686290988, 0.15155207426863479, 0.23273416156046173, 0.26720473864745942]
ymax: 0.27923897227465516
yhalf: 0.13961948613732758
K0.5: 922.765577399371
n: 2.097088482748909
r**2: 0.9997858930685991
popt: [  2.79238972e-01   2.09708848e+00   9.22765577e+02]
pcov: [[  8.59389496e-06  -1.23573202e-04   3.90690756e-02]
 [ -1.23573202e-04   3.37357890e-03  -5.62410896e-01]
 [  3.90690756e-02  -5.62410896e-01   2.66060586e+02]]
rsq: [0.9997858930685991, 1.6333990830008096e-05, 0.07628893993825923]
**************************

Res#:  50A
xdata: [0, 125, 250, 500, 1000, 2000, 4000]
ydata: [0.0, 0.013862195565001156, 0.049483218973915111, 0.12119088512605936, 0.18726986193379314, 0.20990618516818019, 0.21874270954468561]
ymax: 0.22035999845471607
yhalf: 0.11017999922735804
K0.5: 451.2984091797262
n: 2.116040955934097
r**2: 0.9999000707515526
popt: [  2.20359998e-01   2.11604096e+00   4.51298409e+02]
pcov: [[  1.05618248e-06  -2.28452849e-05   3.01646534e-03]
 [ -2.28452849e-05   1.35337060e-03  -6.42619664e-02]
 [  3.01646534e-03  -6.42619664e-02   1.94977049e+01]]
rsq: [0.9999000707515526, 5.273700825107766e-06, 0.05277434692092831]
**************************

Res#:  51I
xdata: [0, 125, 250, 500, 1000, 2000, 4000]
ydata: [0.0, 0.01199246329620436, 0.028289783008723413, 0.081266777963923606, 0.16625703135585113, 0.22170759435886742, 0.24051200938584139]
ymax: 0.24928434340523384
yhalf: 0.12464217170261692
K0.5: 709.7356449791783
n: 1.9795539006890766
r**2: 0.9996199124523328
popt: [  2.49284343e-01   1.97955390e+00   7.09735645e+02]
pcov: [[  9.15067793e-06  -1.45318860e-04   3.83692105e-02]
 [ -1.45318860e-04   4.71588462e-03  -6.09334216e-01]
 [  3.83692105e-02  -6.09334216e-01   2.61121352e+02]]
rsq: [0.9996199124523328, 2.349984892021462e-05, 0.06182746334219785]
**************************

Res#:  52G
xdata: [0, 125, 250, 500, 1000, 2000, 4000]
ydata: [0.0, 0.067373678547625215, 0.14142012024766015, 0.20532572502253554, 0.23396746108021801, 0.24258894212112597, 0.24114464911590167]
ymax: 0.24448520198290496
yhalf: 0.12224260099145248
K0.5: 209.69267424951252
n: 1.9021257750973641
r**2: 0.9997866494423379
popt: [   0.2444852     1.90212578  209.69267425]
pcov: [[  1.57797696e-06  -3.57088780e-05   1.89125111e-03]
 [ -3.57088780e-05   2.37661085e-03  -2.86753828e-02]
 [  1.89125111e-03  -2.86753828e-02   7.45098376e+00]]
rsq: [0.9997866494423379, 1.1827276037449318e-05, 0.055435880585688095]
**************************

Res#:  53V
xdata: [0, 125, 250, 500, 1000, 2000, 4000]
ydata: [0.0, 0.0024004401081913688, 0.016865490664778951, 0.050021749068640556, 0.097983780190750436, 0.13607980693545627, 0.14617313954463915]
ymax: 0.1519926569750987
yhalf: 0.07599632848754935
K0.5: 724.7008068988766
n: 1.9920163090008085
r**2: 0.9994805926432582
popt: [  1.51992657e-01   1.99201631e+00   7.24700807e+02]
pcov: [[  4.81595425e-06  -1.25814038e-04   3.35927222e-02]
 [ -1.25814038e-04   6.69888990e-03  -8.77615704e-01]
 [  3.35927222e-02  -8.77615704e-01   3.78865138e+02]]
rsq: [0.9994805926432582, 1.2159351163871241e-05, 0.023410048021163064]
**************************

Res#:  54N
xdata: [0, 125, 250, 500, 1000, 2000, 4000]
ydata: [0.0, 0.013931361831061834, 0.051369563854807815, 0.13871311585256452, 0.22403993934456076, 0.2716293726187764, 0.28578418038255821]
ymax: 0.29031614811474843
yhalf: 0.14515807405737421
K0.5: 531.5575574234808
n: 1.999559570910376
r**2: 0.9998329694592502
popt: [  2.90316148e-01   1.99955957e+00   5.31557557e+02]
pcov: [[  3.91215497e-06  -5.83458983e-05   1.05390255e-02]
 [ -5.83458983e-05   2.04349309e-03  -1.56388941e-01]
 [  1.05390255e-02  -1.56388941e-01   5.43304252e+01]]
rsq: [0.9998329694592502, 1.4863725726613127e-05, 0.08898807164176292]
**************************

Res#:  55V
xdata: [0, 125, 250, 500, 1000, 2000, 4000]
ydata: [0.0, 0.0050724157769039538, 0.017139739132215521, 0.051806407577863027, 0.11873916173149507, 0.17284092867698508, 0.19717711787133083]
ymax: 0.20671696048186258
yhalf: 0.10335848024093129
K0.5: 864.2393215259201
n: 1.963057507288601
r**2: 0.9999523416300884
popt: [  2.06716960e-01   1.96305751e+00   8.64239322e+02]
pcov: [[  1.05082498e-06  -1.87395765e-05   6.43365678e-03]
 [ -1.87395765e-05   6.18240433e-04  -1.14917990e-01]
 [  6.43365678e-03  -1.14917990e-01   5.73335619e+01]]
rsq: [0.9999523416300884, 1.935405013774508e-06, 0.04060997086895783]
**************************

Res#:  56I
xdata: [0, 125, 250, 500, 1000, 2000, 4000]
ydata: [0.0, 0.0027277133045459528, 0.012875434647221958, 0.0434912382538706, 0.10136324630563777, 0.15175467519417801, 0.17462785465913186]
ymax: 0.18321583791340623
yhalf: 0.09160791895670312
K0.5: 900.4084326744966
n: 1.9958040207831607
r**2: 0.9999653749626801
popt: [  1.83215838e-01   1.99580402e+00   9.00408433e+02]
pcov: [[  6.23505854e-07  -1.27145072e-05   4.41027234e-03]
 [ -1.27145072e-05   4.76973454e-04  -9.01030860e-02]
 [  4.41027234e-03  -9.01030860e-02   4.51542021e+01]]
rsq: [0.9999653749626801, 1.1081581395282558e-06, 0.03200453271110084]
**************************

Res#:  57T
xdata: [0, 125, 250, 500, 1000, 2000, 4000]
ydata: [0.0, 0.0064699958405424699, 0.020087621044294717, 0.061323023786467243, 0.14171652094881895, 0.20520111455325751, 0.23169925065256519]
ymax: 0.24202502876163262
yhalf: 0.12101251438081631
K0.5: 846.4617058580575
n: 2.0047447099774556
r**2: 0.9999247365656986
popt: [  2.42025029e-01   2.00474471e+00   8.46461706e+02]
pcov: [[  2.12737037e-06  -3.36981853e-05   1.07138265e-02]
 [ -3.36981853e-05   1.01742896e-03  -1.69853754e-01]
 [  1.07138265e-02  -1.69853754e-01   8.10251848e+01]]
rsq: [0.9999247365656986, 4.261539731097713e-06, 0.056621648621964595]
**************************

Res#:  58F
xdata: [0, 125, 250, 500, 1000, 2000, 4000]
ydata: [0.0, 0.0024628676469019414, 0.010536078077478542, 0.038205620252371987, 0.08627784192443097, 0.12684217833329731, 0.1518808205549719]
ymax: 0.16057569180481354
yhalf: 0.08028784590240677
K0.5: 940.4208953019096
n: 1.875546494580025
r**2: 0.9994056781107593
popt: [  1.60575692e-01   1.87554649e+00   9.40420895e+02]
pcov: [[  9.84996870e-06  -2.03695587e-04   8.72454869e-02]
 [ -2.03695587e-04   7.21152258e-03  -1.81099602e+00]
 [  8.72454869e-02  -1.81099602e+00   1.03824260e+03]]
rsq: [0.9994056781107593, 1.39253339908056e-05, 0.02343062613526918]
**************************

Res#:  59E
xdata: [0, 125, 250, 500, 1000, 2000, 4000]
ydata: [0.0, 0.0032323617598104259, 0.0037463043711483562, 0.0011265058512860964, 0.0026706428527359409, 0.001715035251711597, 0.003666055355510484]
!¡FIT FAILED TO FIND MINIMIZATION!¡
**************************

Res#:  60S
xdata: [0, 125, 250, 500, 1000, 2000, 4000]
ydata: [0.0, 0.0050771897794911385, 0.0085703475812559642, 0.009113557696198293, 0.011392519472827262, 0.011562192568800467, 0.014491762482467025]
ymax: 0.01725821974813317
yhalf: 0.008629109874066586
K0.5: 383.0005605542254
n: 0.6063023181442927
r**2: 0.9763818823468529
popt: [  1.72582197e-02   6.06302318e-01   3.83000561e+02]
pcov: [[  2.72700754e-05  -1.49060632e-03   2.19381911e+00]
 [ -1.49060632e-03   8.98349496e-02  -1.17957176e+02]
 [  2.19381911e+00  -1.17957176e+02   1.80734980e+05]]
rsq: [0.9763818823468529, 3.257420692350898e-06, 0.00013792041940805758]
**************************

Res#:  61W
xdata: [0, 125, 250, 500, 1000, 2000, 4000]
ydata: [0.0, 0.0040969184217195427, 0.0048570134113011237, 0.0027149835945550994, 0.0057139155411743683, 0.0033116739034436639, 0.011184570629946636]
!¡FIT FAILED TO FIND MINIMIZATION!¡
**************************

Res#:  62M
xdata: [0, 125, 250, 500, 1000, 2000, 4000]
ydata: [0.0, 0.0041344374835179032, 0.0027176841776619062, 0.0021163091409244108, 0.002595459988610568, 0.0032533336674533484, 0.00047050886171417903]
ymax: 0.00413111082949192
yhalf: 0.00206555541474596
K0.5: 316.3820744576827
n: 3.911850857871962e-09
r**2: 0.3178986137623353
popt: [  4.13111083e-03   3.91185086e-09   3.16382074e+02]
pcov: [[ inf  inf  inf]
 [ inf  inf  inf]
 [ inf  inf  inf]]
rsq: [0.3178986137623353, 8.943910446626316e-06, 1.3112288916401627e-05]
**************************

Res#:  63C
xdata: [0, 125, 250, 500, 1000, 2000, 4000]
ydata: [0.0, 0.0037146757648043789, 0.0021164848326001378, 0.0079067339191533793, 0.0072489422169830699, 0.0096156189062635705, 0.011553398329232342]
ymax: 0.015288461825415838
yhalf: 0.007644230912707919
K0.5: 919.2477068506273
n: 0.7378570556503986
r**2: 0.9102201428405455
popt: [  1.52884618e-02   7.37857056e-01   9.19247707e+02]
pcov: [[  9.97747212e-05  -5.05497897e-03   1.86045254e+01]
 [ -5.05497897e-03   2.91492200e-01  -9.48048683e+02]
 [  1.86045254e+01  -9.48048683e+02   3.52795923e+06]]
rsq: [0.9102201428405455, 9.463636460608182e-06, 0.00010540935082799462]
**************************

Res#:  64D
xdata: [0, 125, 250, 500, 1000, 2000, 4000]
ydata: [0.0, 0.0035692347987815141, 0.0012520709962276456, 0.0030953510407210664, 0.0013329783498963878, 0.0020260216023917335, 0.0051853057796445038]
!¡FIT FAILED TO FIND MINIMIZATION!¡
**************************

Res#:  65Q
xdata: [0, 125, 250, 500, 1000, 2000, 4000]
ydata: [0.0, 0.0010545729169222349, 0.0022134856750355694, 0.0024776608452318975, 0.0044318941265207648, 0.0059552486366180159, 0.0083871032471566111]
ymax: 0.02426401857207048
yhalf: 0.01213200928603524
K0.5: 10495.684254128097
n: 0.6649065836143486
r**2: 0.9935745187925906
popt: [  2.42640186e-02   6.64906584e-01   1.04956843e+04]
pcov: [[  3.50508008e-04  -2.51550049e-03   3.79081193e+02]
 [ -2.51550049e-03   1.95692878e-02  -2.76221308e+03]
 [  3.79081193e+02  -2.76221308e+03   4.11410124e+08]]
rsq: [0.9935745187925906, 3.322667980870718e-07, 5.1710803807803336e-05]
**************************

Res#:  66R
xdata: [0, 125, 250, 500, 1000, 2000, 4000]
ydata: [0.0, 0.0045502149432101761, 0.0053187143301537242, 0.0080225905425674107, 0.011698911126461689, 0.017406547863116326, 0.02047277883789338]
ymax: 0.03585622811869744
yhalf: 0.01792811405934872
K0.5: 2530.647331119525
n: 0.721186672292557
r**2: 0.9923672300390615
popt: [  3.58562281e-02   7.21186672e-01   2.53064733e+03]
pcov: [[  1.41970239e-04  -1.68285412e-03   2.83874836e+01]
 [ -1.68285412e-03   2.21778755e-02  -3.41723499e+02]
 [  2.83874836e+01  -3.41723499e+02   5.71405632e+06]]
rsq: [0.9923672300390615, 2.457999978849202e-06, 0.0003220324982186346]
**************************

Res#:  67L
xdata: [0, 125, 250, 500, 1000, 2000, 4000]
ydata: [0.0, 0.0026376026620975029, 0.007041116338554412, 0.0030724928876522456, 0.0065721505387936925, 0.0063065654123481809, 0.0071830565753906155]
ymax: 0.008582083970893068
yhalf: 0.004291041985446534
K0.5: 215.22109272944482
n: 0.5177338489953193
r**2: 0.7245031426148903
popt: [  8.58208397e-03   5.17733849e-01   2.15221093e+02]
pcov: [[  1.36807827e-04  -1.56107082e-02   1.32187085e+01]
 [ -1.56107082e-02   1.91533981e+00  -1.46198309e+03]
 [  1.32187085e+01  -1.46198309e+03   1.32020455e+06]]
rsq: [0.7245031426148903, 1.2872198419438127e-05, 4.6723576238274205e-05]
**************************

Res#:  68Q
xdata: [0, 125, 250, 500, 1000, 2000, 4000]
ydata: [0.0, 0.0040696181227549613, 0.002465326894819304, 0.0054492017913153777, 0.0055979952058221195, 0.0090567888118207387, 0.010308357456551568]
!¡FIT FAILED TO FIND MINIMIZATION!¡
**************************

Res#:  69S
xdata: [0, 125, 250, 500, 1000, 2000, 4000]
ydata: [0.0, 0.0048864361354948498, 0.0083302756303049782, 0.010663312189838058, 0.016182902972097013, 0.016404271715649597, 0.020751601070458998]
ymax: 0.02401442818290214
yhalf: 0.01200721409145107
K0.5: 571.9758885006736
n: 0.8530455821626746
r**2: 0.9841792369424055
popt: [  2.40144282e-02   8.53045582e-01   5.71975889e+02]
pcov: [[  1.67313992e-05  -8.59757324e-04   1.12840692e+00]
 [ -8.59757324e-04   5.31833084e-02  -5.75105118e+01]
 [  1.12840692e+00  -5.75105118e+01   8.00405482e+04]]
rsq: [0.9841792369424055, 5.01157428705203e-06, 0.0003167719704041894]
**************************

Res#:  70W
xdata: [0, 125, 250, 500, 1000, 2000, 4000]
ydata: [0.0, 0.0025194647395467471, 0.0010277088311412314, 0.0018321284262324191, 0.00515657541631719, 0.0059816426902794479, 0.0083223903270793712]
ymax: 0.024634656670179427
yhalf: 0.012317328335089714
K0.5: 10920.120340747146
n: 0.6592669053898691
r**2: 0.9202088814226239
popt: [  2.46346567e-02   6.59266905e-01   1.09201203e+04]
pcov: [[  4.91443045e-03  -3.38862733e-02   5.46816434e+03]
 [ -3.38862733e-02   2.53022776e-01  -3.82752296e+04]
 [  5.46816434e+03  -3.82752296e+04   6.10509653e+09]]
rsq: [0.9202088814226239, 4.328445090065196e-06, 5.424720404023109e-05]
**************************

Res#:  71E
xdata: [0, 125, 250, 500, 1000, 2000, 4000]
ydata: [0.0, 0.0017559704671375736, 0.0013317984591793353, 0.0073404892591160285, 0.0074911444149703436, 0.0087665162989931933, 0.016454800873162347]
!¡FIT FAILED TO FIND MINIMIZATION!¡
**************************

Res#:  72R
xdata: [0, 125, 250, 500, 1000, 2000, 4000]
ydata: [0.0, 0.018293153042575012, 0.021768584923350886, 0.025327958396620477, 0.02788120447141856, 0.030704814340023798, 0.025030112074085772]
ymax: 0.028252556878905898
yhalf: 0.014126278439452949
K0.5: 81.26431903492299
n: 1.2491136678953922
r**2: 0.9686846492622745
popt: [  2.82525569e-02   1.24911367e+00   8.12643190e+01]
pcov: [[  4.21109649e-06  -1.21624879e-03  -1.70780354e-02]
 [ -1.21624879e-03   6.01562963e-01   1.77939332e+01]
 [ -1.70780354e-02   1.77939332e+01   1.02355931e+03]]
rsq: [0.9686846492622745, 1.9567409544877284e-05, 0.0006248504035212498]
**************************

Res#:  73I
xdata: [0, 125, 250, 500, 1000, 2000, 4000]
ydata: [0.0, 0.004133352469241164, 0.0020508049663825688, 0.0054449287643937834, 0.0081360688332557038, 0.010232426399167814, 0.014477044433844965]
!¡FIT FAILED TO FIND MINIMIZATION!¡
**************************

Res#:  74Q
xdata: [0, 125, 250, 500, 1000, 2000, 4000]
ydata: [0.0, 0.00099522188473018139, 0.0030768989602582928, 0.00084733379541268464, 0.0044366005163827878, 0.0023322822521724008, 0.00063686425861427887]
ymax: 0.0022659959545161946
yhalf: 0.0011329979772580973
K0.5: 125.8917766044217
n: 34.38008072760195
r**2: 0.33078110571984476
popt: [  2.26599595e-03   3.43800807e+01   1.25891777e+02]
pcov: [[  5.02007712e-07   5.08625713e-01  -1.19683919e-02]
 [  4.77917105e-01   2.57987311e+21  -6.81026514e+19]
 [ -9.49702549e-03  -6.81026514e+19   1.79775164e+18]]
rsq: [0.33078110571984476, 1.0040154126492004e-05, 1.5002795366815947e-05]
**************************

Res#:  75Y
xdata: [0, 125, 250, 500, 1000, 2000, 4000]
ydata: [0.0, 0.0032984388729713427, 0.007132200923577226, 0.0019339371428520964, 0.0020347846752560147, 0.0059794896337754212, 0.0027327580358610997]
ymax: 0.007272090734812053
yhalf: 0.0036360453674060267
K0.5: 407.91515142367734
n: 1.716185727940548e-08
r**2: 0.34035953548485975
popt: [  7.27209073e-03   1.71618573e-08   4.07915151e+02]
pcov: [[  2.10645441e-05  -5.64603480e-04   7.81511446e+07]
 [ -5.64603480e-04   2.05635475e-01  -2.09472410e+09]
 [  7.81511446e+07  -2.09472410e+09   3.59586349e+20]]
