# fitting for parameter: 'CSP'
fit performed: Hill Equation
(Vmax*[S]**n)/(K0.5**n+[S]**n)

Res#:  1M
xdata: [0, 125, 250, 500, 1000, 2000, 4000]
ydata: [0.0, 0.010763851812530511, 0.021967853769434376, 0.034529776769504826, 0.051741184255606677, 0.073169731250973494, 0.09782623248612482]
ymax: 0.16650217935184383
yhalf: 0.08325108967592192
K0.5: 2629.022249053646
n: 0.8238334828467425
r**2: 0.999281273344769
popt: [  1.66502179e-01   8.23833483e-01   2.62902225e+03]
pcov: [[  2.63673082e-04  -7.50340593e-04   1.03682483e+01]
 [ -7.50340593e-04   2.41754633e-03  -3.00355669e+01]
 [  1.03682483e+01  -3.00355669e+01   4.11032367e+05]]
rsq: [0.999281273344769, 5.302414410116972e-06, 0.007377511841985549]
**************************

Res#:  2R
xdata: [0, 125, 250, 500, 1000, 2000, 4000]
ydata: [0.0, 0.0029427230954481177, 0.0025801432600990452, 0.0050757436762407793, 0.011149032888896515, 0.018159514984506721, 0.029763954149720055]
ymax: 0.10007490532538246
yhalf: 0.05003745266269123
K0.5: 10151.358484153126
n: 0.922910671618858
r**2: 0.9958126794838041
popt: [  1.00074905e-01   9.22910672e-01   1.01513585e+04]
pcov: [[  5.69220871e-03  -1.08104969e-02   9.88611460e+02]
 [ -1.08104969e-02   2.26717655e-02  -1.91068087e+03]
 [  9.88611460e+02  -1.91068087e+03   1.72322903e+08]]
rsq: [0.9958126794838041, 2.8792188563506146e-06, 0.0006876041242160178]
**************************

Res#:  3T
xdata: [0, 125, 250, 500, 1000, 2000, 4000]
ydata: [0.0, 0.0022931899366055194, 0.0028736305826475871, 0.0023937394691996633, 0.0046186437993610023, 0.006124195284640724, 0.013212094975674216]
!¡FIT FAILED TO FIND MINIMIZATION!¡
**************************

Res#:  4T
xdata: [0, 125, 250, 500, 1000, 2000, 4000]
ydata: [0.0, 0.0023776526196457033, 0.0033230442633034839, 0.0020846746810293817, 0.0050357890148288089, 0.016596301191714204, 0.034125172507504194]
ymax: 0.13920137628568666
yhalf: 0.06960068814284333
K0.5: 9165.601820625685
n: 1.3511446763854076
r**2: 0.9861898960405334
popt: [  1.39201376e-01   1.35114468e+00   9.16560182e+03]
pcov: [[  8.88638660e-02  -1.39595441e-01   6.49750745e+03]
 [ -1.39595441e-01   2.38499226e-01  -1.03449851e+04]
 [  6.49750745e+03  -1.03449851e+04   4.76233538e+08]]
rsq: [0.9861898960405334, 1.2561063262569095e-05, 0.0009095560250260582]
**************************

Res#:  5T
xdata: [0, 125, 250, 500, 1000, 2000, 4000]
ydata: [0.0, 0.0042175898787449742, 0.004159658513237169, 0.0075985110701722322, 0.021087333291913504, 0.04461188939087176, 0.078007922528353466]
ymax: 0.15385876094719314
yhalf: 0.07692938047359657
K0.5: 3911.7518729672806
n: 1.3490949813643105
r**2: 0.9979967805122022
popt: [  1.53858761e-01   1.34909498e+00   3.91175187e+03]
pcov: [[  1.29927065e-03  -5.07881415e-03   4.77853859e+01]
 [ -5.07881415e-03   2.25345342e-02  -1.90225972e+02]
 [  4.77853859e+01  -1.90225972e+02   1.76911365e+06]]
rsq: [0.9979967805122022, 9.956599889913397e-06, 0.004970299036407069]
**************************

Res#:  6W
xdata: [0, 125, 250, 500, 1000, 2000, 4000]
ydata: [0.0, 0.0056373276006355675, 0.0033901382630465659, 0.00066142129843022068, 0.0044828856542616377, 0.032911234445126759, 0.1216492497105825]
ymax: 0.1950146766965292
yhalf: 0.0975073383482646
K0.5: 3385.391946946319
n: 3.0315106378810994
r**2: 0.9964009996955209
popt: [  1.95014677e-01   3.03151064e+00   3.38539195e+03]
pcov: [[  1.23136967e-02  -1.25256275e-01   1.63224761e+02]
 [ -1.25256275e-01   1.31017361e+00  -1.66133220e+03]
 [  1.63224761e+02  -1.66133220e+03   2.16831557e+06]]
rsq: [0.9964009996955209, 4.274989956004705e-05, 0.011878270614993398]
**************************

Res#:  7R
xdata: [0, 125, 250, 500, 1000, 2000, 4000]
ydata: [0.0, 0.0046248778539960522, 0.0013815040217469462, 0.0015444541148753295, 0.0091524890780600582, 0.031826032583303181, 0.092562812266247629]
ymax: 0.3061649547023862
yhalf: 0.1530824773511931
K0.5: 6204.643819180865
n: 1.9046016343611154
r**2: 0.9969052327677287
popt: [  3.06164955e-01   1.90460163e+00   6.20464382e+03]
pcov: [[  1.14515762e-01  -1.47522723e-01   1.95235946e+03]
 [ -1.47522723e-01   2.01088380e-01  -2.53576074e+03]
 [  1.95235946e+03  -2.53576074e+03   3.33352221e+07]]
rsq: [0.9969052327677287, 2.1187905462544758e-05, 0.00684636480624575]
**************************

Res#:  8Y
xdata: [0, 125, 250, 500, 1000, 2000, 4000]
ydata: [0.0, 0.0041031347324786719, 0.0065587562117929189, 0.0061782745992741772, 0.0112349358248087, 0.042288057059006672, 0.11721296784707023]
!¡FIT FAILED TO FIND MINIMIZATION!¡
**************************

Res#:  9Y
xdata: [0, 125, 250, 500, 1000, 2000, 4000]
ydata: [0.0, 0.0016134771042020319, 0.003423338818541081, 0.0038783268424395279, 0.0026732456627616332, 0.021110345109291318, 0.12645843262848225]
!¡FIT FAILED TO FIND MINIMIZATION!¡
**************************

Res#:  10S
xdata: [0, 125, 250, 500, 1000, 2000, 4000]
ydata: [0.0, 0.0, 0.0, 0.0, 0.0, 0.0, 0.0]
!¡FIT FAILED TO FIND MINIMIZATION!¡
**************************

Res#:  11K
xdata: [0, 125, 250, 500, 1000, 2000, 4000]
ydata: [0.0, 0.041540316021232079, 0.22822727672129073, 0.27881270555149251, 0.28031720491853329, 0.28468652160366054, 0.27982533158358958]
ymax: 0.281604777751292
yhalf: 0.140802388875646
K0.5: 182.63100876392292
n: 4.625464572383923
r**2: 0.9998468755595069
popt: [   0.28160478    4.62546457  182.63100876]
pcov: [[  9.31377856e-07  -2.58571565e-05   4.65709519e-04]
 [ -2.58571565e-05   1.03119966e-02   1.47329182e-03]
 [  4.65709519e-04   1.47329182e-03   2.00810246e+00]]
rsq: [0.9998468755595069, 1.4103715216067386e-05, 0.09210623183762842]
**************************

Res#:  12I
xdata: [0, 125, 250, 500, 1000, 2000, 4000]
ydata: [0.0, 0.011735451041873485, 0.071160290275174315, 0.18406549527541965, 0.24621018934111907, 0.26519062452001263, 0.26678998284688421]
ymax: 0.2669050025839649
yhalf: 0.13345250129198244
K0.5: 370.0791591911093
n: 2.6250014581607872
r**2: 0.9997967093767779
popt: [  2.66905003e-01   2.62500146e+00   3.70079159e+02]
pcov: [[  2.21875285e-06  -4.87642421e-05   3.51144531e-03]
 [ -4.87642421e-05   4.53458267e-03  -7.44218390e-02]
 [  3.51144531e-03  -7.44218390e-02   1.88874419e+01]]
rsq: [0.9997967093767779, 1.7311226510854243e-05, 0.08515506636002865]
**************************

Res#:  13Q
xdata: [0, 125, 250, 500, 1000, 2000, 4000]
ydata: [0.0, 0.0013179620880369677, 0.0045322599376289487, 0.012692701971199856, 0.017788505620650562, 0.021724122479894768, 0.023188960432864444]
ymax: 0.023251461568651727
yhalf: 0.011625730784325864
K0.5: 490.51060644087175
n: 1.921133472630383
r**2: 0.9970221501386846
popt: [  2.32514616e-02   1.92113347e+00   4.90510606e+02]
pcov: [[  4.35994352e-07  -7.84630321e-05   1.40299208e-02]
 [ -7.84630321e-05   3.27845627e-02  -2.49736850e+00]
 [  1.40299208e-02  -2.49736850e+00   8.58913529e+02]]
rsq: [0.9970221501386846, 1.6870306494501739e-06, 0.0005665264294771927]
**************************

Res#:  14T
xdata: [0, 125, 250, 500, 1000, 2000, 4000]
ydata: [0.0, 0.0081660560104562744, 0.012841526133920837, 0.035858351753181771, 0.068199908644880583, 0.11383855892008482, 0.13541384007051002]
ymax: 0.15545670200828
yhalf: 0.07772835100414
K0.5: 1115.941778121813
n: 1.5563238036577547
r**2: 0.9981633228662443
popt: [  1.55456702e-01   1.55632380e+00   1.11594178e+03]
pcov: [[  5.23442662e-05  -7.40895188e-04   6.46991444e-01]
 [ -7.40895188e-04   1.51009308e-02  -9.24253186e+00]
 [  6.46991444e-01  -9.24253186e+00   9.11786703e+03]]
rsq: [0.9981633228662443, 3.2047182376920166e-05, 0.017448457209999053]
**************************

Res#:  15L
xdata: [0, 125, 250, 500, 1000, 2000, 4000]
ydata: [0.0, 0.012094838333970319, 0.017848935481663893, 0.025234430549348714, 0.027048941319883529, 0.034713499095240928, 0.040946240977031166]
ymax: 0.06054404098237793
yhalf: 0.030272020491188965
K0.5: 1172.692106892094
n: 0.5762503905586922
r**2: 0.9916572196052947
popt: [  6.05440410e-02   5.76250391e-01   1.17269211e+03]
pcov: [[  3.17637822e-04  -2.67912978e-03   2.30576776e+01]
 [ -2.67912978e-03   2.44876957e-02  -1.95712375e+02]
 [  2.30576776e+01  -1.95712375e+02   1.68372160e+06]]
rsq: [0.9916572196052947, 9.625330636343462e-06, 0.0011537317514017519]
**************************

Res#:  16V
xdata: [0, 125, 250, 500, 1000, 2000, 4000]
ydata: [0.0, 0.0026148204038919445, 0.0017748039964798682, 0.0051427713981017217, 0.030904276114466084, 0.12273096725965794, 0.15584414606927308]
ymax: 0.15951816918967185
yhalf: 0.07975908459483592
K0.5: 1454.0895934854047
n: 3.7475169122595737
r**2: 0.9994265724466839
popt: [  1.59518169e-01   3.74751691e+00   1.45408959e+03]
pcov: [[  5.85963772e-06  -2.42624518e-04   4.53887252e-02]
 [ -2.42624518e-04   2.92384746e-02  -1.76475566e+00]
 [  4.53887252e-02  -1.76475566e+00   7.31582918e+02]]
rsq: [0.9994265724466839, 1.4796402267067193e-05, 0.025803437908591347]
**************************

Res#:  17A
xdata: [0, 125, 250, 500, 1000, 2000, 4000]
ydata: [0.0, 0.012377372370135985, 0.014325624059836917, 0.017927210585097778, 0.02681510175677999, 0.027742999340986507, 0.032748069384219772]
ymax: 0.044841829212706505
yhalf: 0.022420914606353252
K0.5: 761.681948046474
n: 0.5992762766161714
r**2: 0.9837647344212412
popt: [  4.48418292e-02   5.99276277e-01   7.61681948e+02]
pcov: [[  2.13749830e-04  -3.14622604e-03   1.34480970e+01]
 [ -3.14622604e-03   5.06606530e-02  -1.98194433e+02]
 [  1.34480970e+01  -1.98194433e+02   8.54299439e+05]]
rsq: [0.9837647344212412, 1.2245019084107526e-05, 0.0007542235157599248]
**************************

Res#:  18K
xdata: [0, 125, 250, 500, 1000, 2000, 4000]
ydata: [0.0, 0.0045826538577659675, 0.0033794607398605235, 0.0063883472026411018, 0.016231402727692655, 0.051270131761361193, 0.084325258041012666]
ymax: 0.10594498951027584
yhalf: 0.05297249475513792
K0.5: 2094.2795383198877
n: 2.1238213647988076
r**2: 0.9949515282845177
popt: [  1.05944990e-01   2.12382136e+00   2.09427954e+03]
pcov: [[  1.59647783e-04  -3.79707250e-03   3.82004401e+00]
 [ -3.79707250e-03   1.16410973e-01  -9.18005854e+01]
 [  3.82004401e+00  -9.18005854e+01   9.75063405e+04]]
rsq: [0.9949515282845177, 3.0952602157990684e-05, 0.0061310836035918855]
**************************

Res#:  19T
xdata: [0, 125, 250, 500, 1000, 2000, 4000]
ydata: [0.0, 0.024809869608177958, 0.03951089914484144, 0.062408660838520279, 0.091375604317303766, 0.13199812450151552, 0.16928752115462339]
ymax: 0.2902476413202881
yhalf: 0.14512382066014404
K0.5: 2589.787732013094
n: 0.7900143178683453
r**2: 0.9997289374207862
popt: [  2.90247641e-01   7.90014318e-01   2.58978773e+03]
pcov: [[  3.06643993e-04  -4.84077823e-04   7.09853983e+00]
 [ -4.84077823e-04   8.60463341e-04  -1.13993327e+01]
 [  7.09853983e+00  -1.13993327e+01   1.65593794e+05]]
rsq: [0.9997289374207862, 5.953796204974236e-06, 0.02196465562395974]
**************************

Res#:  20S
xdata: [0, 125, 250, 500, 1000, 2000, 4000]
ydata: [0.0, 0.0012702996056578155, 0.0035158421393021834, 0.0047725251114260347, 0.024574523206094417, 0.091436569775926096, 0.1760361131553814]
ymax: 0.2212338049258241
yhalf: 0.11061690246291205
K0.5: 2306.6395888049883
n: 2.471069361220169
r**2: 0.9996975191864481
popt: [  2.21233805e-01   2.47106936e+00   2.30663959e+03]
pcov: [[  5.22619056e-05  -7.40766686e-04   5.77320041e-01]
 [ -7.40766686e-04   1.29139449e-02  -8.25248422e+00]
 [  5.77320041e-01  -8.25248422e+00   6.75950915e+03]]
rsq: [0.9996975191864481, 8.165427487739742e-06, 0.02699486090326117]
**************************
