# fitting for parameter: 'N15_delta'
fit performed: Hill Equation
(Vmax*[S]**n)/(K0.5**n+[S]**n)

Res#:  1M
xdata: [0, 125, 250, 500, 1000, 2000, 4000]
ydata: [0.0, 0.59750149199236091, 1.1457383813606583, 1.2395995378452938, 1.2557264002266493, 1.2757542107134867, 1.2689132923969453]
ymax: 1.2641233638468312
yhalf: 0.6320616819234156
K0.5: 129.03807484714127
n: 3.3917372129078873
r**2: 0.9997498369762473
popt: [   1.26412336    3.39173721  129.03807485]
pcov: [[  2.56168850e-05  -3.24165950e-04   1.73577196e-03]
 [ -3.24165950e-04   2.07822349e-02   6.55343947e-03]
 [  1.73577196e-03   6.55343947e-03   1.34192708e+00]]
rsq: [0.9997498369762473, 0.0003621587220804619, 1.4476908563372117]
**************************

Res#:  2S
xdata: [0, 125, 250, 500, 1000, 2000, 4000]
ydata: [0.0, -0.025094684670634138, -0.15687612122499672, -0.6516756951565128, -1.2208046951159304, -1.3815531854968413, -1.3830794935785775]
ymax: -1.3991778838409443
yhalf: -0.6995889419204722
K0.5: 520.9655018365443
n: 2.9000638038830426
r**2: 0.9998379660274052
popt: [  -1.39917788    2.9000638   520.96550184]
pcov: [[  6.17778919e-05   3.19780996e-04  -2.36046114e-02]
 [  3.19780996e-04   5.98438225e-03  -1.27025981e-01]
 [ -2.36046114e-02  -1.27025981e-01   2.82972358e+01]]
rsq: [0.9998379660274052, 0.00039604837701820883, 2.4442304948507805]
**************************

Res#:  3T
xdata: [0, 125, 250, 500, 1000, 2000, 4000]
ydata: [0.0, -0.0055028177818599033, 0.01408396712761828, 0.0073121116942473918, 0.025657857321888855, 0.045876811463330114, 0.060622383431777394]
ymax: 0.07510459895731247
yhalf: 0.03755229947865624
K0.5: 1535.8489459574348
n: 1.5283409807110697
r**2: 0.9548914083660094
popt: [  7.51045990e-02   1.52834098e+00   1.53584895e+03]
pcov: [[  6.21024145e-04  -1.43357028e-02   2.10698937e+01]
 [ -1.43357028e-02   4.36575876e-01  -4.93061386e+02]
 [  2.10698937e+01  -4.93061386e+02   7.63037157e+05]]
rsq: [0.9548914083660094, 0.00016189095552602474, 0.0035889162055779073]
**************************

Res#:  4K
xdata: [0, 125, 250, 500, 1000, 2000, 4000]
ydata: [0.0, -0.30049667943001168, -0.52337237733743791, -0.65700693913662178, -0.71112682984571052, -0.71131767081372743, -0.72927991433297734]
ymax: -0.7260719655310979
yhalf: -0.36303598276554894
K0.5: 150.57173852156546
n: 1.8803144789731203
r**2: 0.9997054736904476
popt: [  -0.72607197    1.88031448  150.57173852]
pcov: [[  1.57126630e-05   1.52474110e-04  -3.53217022e-03]
 [  1.52474110e-04   4.31836972e-03   7.82170831e-03]
 [ -3.53217022e-03   7.82170831e-03   5.21111036e+00]]
rsq: [0.9997054736904476, 0.0001337992258465376, 0.454286158849008]
**************************

Res#:  5C
xdata: [0, 125, 250, 500, 1000, 2000, 4000]
ydata: [0.0, 0.010053707262514422, 0.0034324509901608735, -0.014394304550137349, -0.017129075622023038, -0.0092987627446206034, -0.036842289423475449]
ymax: 0.006585639793185966
yhalf: 0.003292819896592983
K0.5: 758.1869956343807
n: 6.471855913194007e-08
r**2: -0.7326144112851374
popt: [  6.58563979e-03   6.47185591e-08   7.58186996e+02]
pcov: [[  1.67242353e-03  -1.21271414e-01   6.15641619e+09]
 [ -1.21271414e-01   1.75568221e+01  -4.68951845e+11]
 [  6.15641619e+09  -4.68951845e+11   3.32521645e+22]]
rsq: [-0.7326144112851374, 0.0025449922552219853, 0.0014688739968024855]
**************************

Res#:  6M
xdata: [0, 125, 250, 500, 1000, 2000, 4000]
ydata: [0.0, 0.024490736489653386, 0.0083526560954823026, 0.029615516975923128, 0.0449085401872793, 0.050900427360033973, 0.056467766289429733]
ymax: 0.07521177441073008
yhalf: 0.03760588720536504
K0.5: 836.4514931588085
n: 0.7854410765546962
r**2: 0.8911261654249734
popt: [  7.52117744e-02   7.85441077e-01   8.36451493e+02]
pcov: [[  2.24038451e-03  -2.63915469e-02   7.40384548e+01]
 [ -2.63915469e-02   3.60196638e-01  -8.75947439e+02]
 [  7.40384548e+01  -8.75947439e+02   2.50429416e+06]]
rsq: [0.8911261654249734, 0.00030000605769414223, 0.002755538636672188]
**************************

Res#:  8T
xdata: [0, 125, 250, 500, 1000, 2000, 4000]
ydata: [0.0, -0.099000907536819227, -0.10687986743009503, -0.14625730798641712, -0.1869813147451822, -0.2141166189131809, -0.22895449859439054]
ymax: -0.2965818426063758
yhalf: -0.1482909213031879
K0.5: 484.1411479498195
n: 0.6179619430365775
r**2: 0.9918395165527897
popt: [ -2.96581843e-01   6.17961943e-01   4.84141148e+02]
pcov: [[  2.99373535e-03   8.69298463e-03  -1.76707216e+01]
 [  8.69298463e-03   2.78819871e-02  -5.08483387e+01]
 [ -1.76707216e+01  -5.08483387e+01   1.06235791e+05]]
rsq: [0.9918395165527897, 0.0003103412036621788, 0.03802975714242381]
**************************

Res#:  9L
xdata: [0, 125, 250, 500, 1000, 2000, 4000]
ydata: [0.0, 0.007036809156062418, 0.0070399144937454139, 0.0045585066103654981, 0.020745670804174665, 0.033240490019181834, 0.035887443004696706]
ymax: 0.04089330091047094
yhalf: 0.02044665045523547
K0.5: 1015.9930746511287
n: 1.7032034388067427
r**2: 0.9378089827538241
popt: [  4.08933009e-02   1.70320344e+00   1.01599307e+03]
pcov: [[  8.25430664e-05  -5.48242592e-03   3.32961371e+00]
 [ -5.48242592e-03   5.66289912e-01  -2.22570347e+02]
 [  3.32961371e+00  -2.22570347e+02   1.64072901e+05]]
rsq: [0.9378089827538241, 7.84262803833776e-05, 0.0012610547930569501]
**************************

Res#:  10A
xdata: [0, 125, 250, 500, 1000, 2000, 4000]
ydata: [0.0, 0.0030994719529076065, 0.0057814549330714726, -0.0037210455209333304, 0.012225119221227487, 0.01249299113055713, 0.016094456549510028]
ymax: 0.014293723832704518
yhalf: 0.007146861916352259
K0.5: 963.6773362278658
n: 48.01833364936032
r**2: 0.8016883704733841
popt: [  1.42937238e-02   4.80183336e+01   9.63677336e+02]
pcov: [[  1.61169341e-05  -6.76185660e+06  -5.02061841e+06]
 [ -6.76185658e+06   5.57831468e+18   4.14184912e+18]
 [ -5.02061840e+06   4.14184912e+18   3.07528620e+18]]
rsq: [0.8016883704733841, 6.336340388081433e-05, 0.00031951431205556305]
**************************

Res#:  11N
xdata: [0, 125, 250, 500, 1000, 2000, 4000]
ydata: [0.0, -0.0052873369805723769, -0.015614844415594575, 0.00082389358716739025, 0.00016558633814156565, -0.0090505851957374261, 0.0079989852507793557]
ymax: 0.02015914217243703
yhalf: 0.010079571086218516
K0.5: 4058.932459502793
n: 28.632729120916682
r**2: 0.003368351939843861
popt: [  2.01591422e-02   2.86327291e+01   4.05893246e+03]
pcov: [[ -2.11175292e+12   5.81258942e+13  -2.65368457e+16]
 [  5.97453761e+13   2.07139759e+16   7.01382930e+17]
 [ -2.65404234e+16   6.81130567e+17  -3.33404861e+20]]
rsq: [0.003368351939843861, 0.0003543986110521139, 0.00035559638482473974]
**************************

Res#:  12E
xdata: [0, 125, 250, 500, 1000, 2000, 4000]
ydata: [0.0, -0.022205217718450854, -0.026074905403021376, -0.024646690655202974, -0.04358910519680137, -0.038624812687842791, -0.060242313083804788]
!¡FIT FAILED TO FIND MINIMIZATION!¡
**************************

Res#:  13S
xdata: [0, 125, 250, 500, 1000, 2000, 4000]
ydata: [0.0, 0.0074236774421621021, 0.021922803526919665, 0.027239158751314108, 0.04083267488454112, 0.04313921660209985, 0.052970218017961201]
ymax: 0.055708128319084005
yhalf: 0.027854064159542002
K0.5: 469.17755179143387
n: 1.1186523051503237
r**2: 0.981562111622099
popt: [  5.57081283e-02   1.11865231e+00   4.69177552e+02]
pcov: [[  4.17294347e-05  -1.53512874e-03   8.18441532e-01]
 [ -1.53512874e-03   7.88275621e-02  -2.93546780e+01]
 [  8.18441532e-01  -2.93546780e+01   1.89862116e+04]]
rsq: [0.981562111622099, 4.169559403339934e-05, 0.0022614083119938105]
**************************

Res#:  14H
xdata: [0, 125, 250, 500, 1000, 2000, 4000]
ydata: [0.0, 0.0032353591857088304, -0.013809921470027575, -0.01800804005378609, -0.0020831396585094808, -0.014167546702452682, -0.028315555429941242]
ymax: 0.001001324790151314
yhalf: 0.000500662395075657
K0.5: 904.4621763757926
n: 3.2136538557698864e-07
r**2: -1.0927662925863189
popt: [  1.00132479e-03   3.21365386e-07   9.04462176e+02]
pcov: [[  9.18806110e-04  -2.91378625e-01   4.42477176e+09]
 [ -2.91378625e-01   5.80777280e+02  -2.11930084e+12]
 [  4.42477176e+09  -2.11930084e+12   3.01190404e+22]]
rsq: [-1.0927662925863189, 0.0016070502493095548, 0.0007679071738696164]
**************************

Res#:  15M
xdata: [0, 125, 250, 500, 1000, 2000, 4000]
ydata: [0.0, -0.0099474353025641449, -0.017474098984507691, -0.0050333339528663146, -0.022387421696350884, -0.024091587103043821, -0.016672702081109492]
ymax: -0.022959590622529648
yhalf: -0.011479795311264824
K0.5: 178.7364883020622
n: 0.681939110557321
r**2: 0.6070178103823423
popt: [ -2.29595906e-02   6.81939111e-01   1.78736488e+02]
pcov: [[  5.23907480e-04   3.85024669e-02  -1.11521868e+01]
 [  3.85024669e-02   3.23703437e+00  -7.37172256e+02]
 [ -1.11521868e+01  -7.37172256e+02   2.80888406e+05]]
rsq: [0.6070178103823423, 0.00018997061714612356, 0.00048340770183745674]
**************************

Res#:  16V
xdata: [0, 125, 250, 500, 1000, 2000, 4000]
ydata: [0.0, 0.0099544133912559118, 0.0041655205718740262, 0.013998493388413635, 0.035713028062332342, 0.05217898808712107, 0.063163542787648908]
ymax: 0.07038141654650006
yhalf: 0.03519070827325003
K0.5: 1039.98286423432
n: 1.6313345148715315
r**2: 0.9801744764266282
popt: [  7.03814165e-02   1.63133451e+00   1.03998286e+03]
pcov: [[  9.10272330e-05  -3.21688698e-03   2.25307971e+00]
 [ -3.21688698e-03   1.71162960e-01  -8.02166509e+01]
 [  2.25307971e+00  -8.02166509e+01   6.61159669e+04]]
rsq: [0.9801744764266282, 7.363024670868569e-05, 0.0037139118387562145]
**************************

Res#:  17I
xdata: [0, 125, 250, 500, 1000, 2000, 4000]
ydata: [0.0, -0.010368885241703651, 0.00013883942327197474, -0.0024659692236923547, -0.0063967903177939434, 0.0067491990759833698, 0.020088638558846128]
ymax: 0.020088638561104447
yhalf: 0.010044319280552223
K0.5: 2040.6159855195392
n: 33.886782711635135
r**2: 0.7403106829242854
popt: [  2.00886386e-02   3.38867827e+01   2.04061599e+03]
pcov: [[  2.38547576e-03   3.41565613e+08  -4.13522525e+08]
 [  3.41565613e+08   4.97123551e+19  -6.01851527e+19]
 [ -4.13522525e+08  -6.01851527e+19   7.28642327e+19]]
rsq: [0.7403106829242854, 0.00015453298814205218, 0.0005950687147326772]
**************************

Res#:  18M
xdata: [0, 125, 250, 500, 1000, 2000, 4000]
ydata: [0.0, 0.016676954004623212, 0.0062709775436928794, 0.0048827007416321067, -0.022603092979665007, -0.024949762484652638, -0.050683317165379549]
ymax: 0.011756886151335924
yhalf: 0.005878443075667962
K0.5: 700.1596530763513
n: 1.371979472947069e-07
r**2: -0.5226513989285291
popt: [  1.17568862e-02   1.37197947e-07   7.00159653e+02]
pcov: [[  4.91705299e-02  -4.46223326e-01   3.12676629e+10]
 [ -4.46223326e-01   2.14358036e+01  -2.93691453e+11]
 [  3.12676629e+10  -2.93691453e+11   2.02328762e+22]]
rsq: [-0.5226513989285291, 0.005078562428938794, 0.003335341518427997]
**************************

Res#:  19F
xdata: [0, 125, 250, 500, 1000, 2000, 4000]
ydata: [0.0, -0.0035877890490496611, -0.0014695801749695647, -0.014933830301771422, -0.17216253365296552, -0.83008762237082578, -1.2799004383691397]
!¡FIT FAILED TO FIND MINIMIZATION!¡
**************************

Res#:  22Q
xdata: [0, 125, 250, 500, 1000, 2000, 4000]
ydata: [0.0, 0.49430842701855227, 0.97874814054210901, 1.2146647138919775, 1.2623027780608425, 1.2754208858507212, 1.2904477282622651]
ymax: 1.2831845357058347
yhalf: 0.6415922678529173
K0.5: 152.3414230750174
n: 2.3673656762201234
r**2: 0.9999060014182268
popt: [   1.28318454    2.36736568  152.34142308]
pcov: [[  1.26915608e-05  -7.88004487e-05   1.55602652e-03]
 [ -7.88004487e-05   2.02911125e-03  -2.60409063e-04]
 [  1.55602652e-03  -2.60409063e-04   1.21421585e+00]]
rsq: [0.9999060014182268, 0.00014079068627725246, 1.4977958562922027]
**************************

Res#:  23Y
xdata: [0, 125, 250, 500, 1000, 2000, 4000]
ydata: [0.0, -0.00777114811113222, -0.024426165223786711, -0.09920225237740965, -0.43899796411250236, -0.9099862279364288, -1.1157008018355725]
ymax: -1.1662754518114
yhalf: -0.5831377259057
K0.5: 1220.6727539567469
n: 2.5886104202480476
r**2: 0.9999211167409243
popt: [ -1.16627545e+00   2.58861042e+00   1.22067275e+03]
pcov: [[  6.18735421e-05   2.73666501e-04  -7.38819460e-02]
 [  2.73666501e-04   2.27891934e-03  -3.31688565e-01]
 [ -7.38819460e-02  -3.31688565e-01   1.33958461e+02]]
rsq: [0.9999211167409243, 0.00010359522897239087, 1.313272678973105]
**************************

Res#:  24M
xdata: [0, 125, 250, 500, 1000, 2000, 4000]
ydata: [0.0, -0.0036232919572114497, 0.0046902696053905402, -0.087369318038810206, -0.50174335411097104, -1.1947317703956344, -1.4182174353215657]
ymax: 0.003121215313418196
yhalf: 0.001560607656709098
K0.5: 727.8983423876145
n: 7.854300840735254e-07
r**2: -0.6595911747824268
popt: [  3.12121531e-03   7.85430084e-07   7.27898342e+02]
pcov: [[  1.80681701e+00  -1.97058531e+02   2.88113587e+11]
 [ -1.97058531e+02   6.79146225e+04  -4.16950990e+13]
 [  2.88113587e+11  -4.16950990e+13   7.08695997e+22]]
rsq: [-0.6595911747824268, 3.7081452269189867, 2.234372707727327]
**************************

Res#:  25Y
xdata: [0, 125, 250, 500, 1000, 2000, 4000]
ydata: [0.0, 0.0073824954420160793, -0.0022219392409681404, 0.045115894740803242, 0.2323677830614912, 0.92025525313302126, 1.3467910812690178]
ymax: 1.4301720061974261
yhalf: 0.7150860030987131
K0.5: 1663.387605025443
n: 3.178931660301997
r**2: 0.9998255173449738
popt: [  1.43017201e+00   3.17893166e+00   1.66338761e+03]
pcov: [[  2.11197084e-04  -8.27751792e-04   2.16176857e-01]
 [ -8.27751792e-04   7.20697124e-03  -7.89777305e-01]
 [  2.16176857e-01  -7.89777305e-01   3.60813860e+02]]
rsq: [0.9998255173449738, 0.0003119928671629983, 1.7881024742329001]
**************************

Res#:  26L
xdata: [0, 125, 250, 500, 1000, 2000, 4000]
ydata: [0.0, 0.0091296976639654304, -0.0095964143981461802, -0.097094888176329164, -0.690778595176198, -1.208379550095998, -1.2803153116739736]
ymax: 0.00597416888267104
yhalf: 0.00298708444133552
K0.5: 718.8434957133753
n: 9.733012073209154e-08
r**2: -0.757186069487571
popt: [  5.97416888e-03   9.73301207e-08   7.18843496e+02]
pcov: [[  9.01451472e-01  -1.46724005e-05   2.78314966e+12]
 [ -1.46724007e-05   1.25784114e+06  -1.39480671e+16]
 [  2.78314966e+12  -1.39480671e+16   1.80446764e+26]]
rsq: [-0.757186069487571, 3.605797459800112, 2.052029390861055]
**************************

Res#:  27R
xdata: [0, 125, 250, 500, 1000, 2000, 4000]
ydata: [0.0, -0.0093352949320433254, -0.027107610652976177, -0.2777901084195662, -1.0101360508463273, -1.2211705359183327, -1.2494030923203638]
ymax: -1.246348562590511
yhalf: -0.6231742812952555
K0.5: 688.9140365832441
n: 3.8781155219084926
r**2: 0.9999414744274536
popt: [  -1.24634856    3.87811552  688.91403658]
pcov: [[  1.85928720e-05   1.16249491e-04  -9.10141227e-03]
 [  1.16249491e-04   3.52552779e-03  -6.51391661e-02]
 [ -9.10141227e-03  -6.51391661e-02   1.58688528e+01]]
rsq: [0.9999414744274536, 0.00012250922327797668, 2.0932597144746743]
**************************

Res#:  28R
xdata: [0, 125, 250, 500, 1000, 2000, 4000]
ydata: [0.0, 0.19745571004486351, 0.96004367127932255, 1.3178268791471908, 1.3588503222208601, 1.3745093175268437, 1.360648475235223]
ymax: 1.3641770572875629
yhalf: 0.6820885286437814
K0.5: 199.2881281926384
n: 3.790833825385477
r**2: 0.9999207233915369
popt: [   1.36417706    3.79083383  199.28812819]
pcov: [[  1.19636248e-05  -6.18593355e-05   1.31386173e-03]
 [ -6.18593355e-05   3.99845120e-03   4.29070916e-03]
 [  1.31386173e-03   4.29070916e-03   1.21711593e+00]]
rsq: [0.9999207233915369, 0.00016801010375253254, 2.1192897502768955]
**************************

Res#:  30L
xdata: [0, 125, 250, 500, 1000, 2000, 4000]
ydata: [0.0, -0.0098959872124453341, -0.020314974231965266, -0.031083423737442217, -0.052623598448505504, -0.06648237736570195, -0.087322111009498826]
ymax: -0.11888095654622303
yhalf: -0.05944047827311152
K0.5: 1414.4327085892103
n: 0.9430874142116097
r**2: 0.9968437228158482
popt: [ -1.18880957e-01   9.43087414e-01   1.41443271e+03]
pcov: [[  1.97014685e-04   1.37872910e-03  -5.71883074e+00]
 [  1.37872910e-03   1.14690078e-02  -4.06251063e+01]
 [ -5.71883074e+00  -4.06251063e+01   1.69613496e+05]]
rsq: [0.9968437228158482, 1.910108548098628e-05, 0.006051776940535013]
**************************

Res#:  31N
xdata: [0, 125, 250, 500, 1000, 2000, 4000]
ydata: [0.0, -0.018864526985964858, -0.02971696661663259, -0.030922935935535634, -0.052361821459754765, -0.063198380080166316, -0.063544845477181866]
ymax: -0.07787819614492258
yhalf: -0.03893909807246129
K0.5: 521.0639717835994
n: 0.8592093166028858
r**2: 0.9725494278583511
popt: [ -7.78781961e-02   8.59209317e-01   5.21063972e+02]
pcov: [[  2.71367428e-04   4.58316863e-03  -5.11196199e+00]
 [  4.58316863e-03   9.37733660e-02  -8.52255524e+01]
 [ -5.11196199e+00  -8.52255524e+01   1.02121550e+05]]
rsq: [0.9725494278583511, 9.373866328552892e-05, 0.003414816376206072]
**************************

Res#:  32T
xdata: [0, 125, 250, 500, 1000, 2000, 4000]
ydata: [0.0, 0.010248838127452586, -0.00085555215220267655, -0.0066226661528787645, -0.0035789549951914523, -0.0076176608891387332, -0.010068888656604713]
ymax: 0.006928250100845149
yhalf: 0.0034641250504225743
K0.5: 828.0685997609858
n: 6.977872839204282e-09
r**2: -0.9121535242478027
popt: [  6.92825010e-03   6.97787284e-09   8.28068600e+02]
pcov: [[ inf  inf  inf]
 [ inf  inf  inf]
 [ inf  inf  inf]]
rsq: [-0.9121535242478027, 0.0005219887164308408, 0.00027298473151426435]
**************************

Res#:  33I
xdata: [0, 125, 250, 500, 1000, 2000, 4000]
ydata: [0.0, -0.0086122259392169553, 0.0059303882044758893, -0.0094236564665237665, -0.017448357769509926, -0.0066541852485784148, -0.0223275184325189]
ymax: 0.0022896711016098387
yhalf: 0.0011448355508049193
K0.5: 932.297344391081
n: 1.914329911316705e-07
r**2: -1.1357782176897655
popt: [  2.28967110e-03   1.91432991e-07   9.32297344e+02]
pcov: [[  1.08393154e-03   1.72011997e-01   3.10843744e+09]
 [  1.72011997e-01   1.15996768e+02   5.23463787e+11]
 [  3.10843744e+09   5.23463787e+11   1.09824386e+22]]
rsq: [-1.1357782176897655, 0.0011872777561586145, 0.0005558993655450201]
**************************

Res#:  34R
xdata: [0, 125, 250, 500, 1000, 2000, 4000]
ydata: [0.0, 0.013721539587166376, 0.008893029467657243, -0.013760177299943166, -0.010300625094146199, -0.026811928102517868, -0.016770775736929977]
ymax: 0.009378994648423867
yhalf: 0.004689497324211933
K0.5: 744.7447308236573
n: 5.3754939253926115e-08
r**2: -0.6627953709675778
popt: [  9.37899465e-03   5.37549393e-08   7.44744731e+02]
pcov: [[  1.70072157e-03   7.21203486e-02   3.55266635e+09]
 [  7.21203486e-02   1.57257919e+01   1.66608048e+11]
 [  3.55266635e+09   1.66608048e+11   9.41060674e+21]]
rsq: [-0.6627953709675778, 0.002117224878969211, 0.0012732925024545871]
**************************

Res#:  35S
xdata: [0, 125, 250, 500, 1000, 2000, 4000]
ydata: [0.0, -0.0025671974493235439, -0.0053326215194289261, 0.006088257186107171, 0.013645398575974355, 0.010853473100681299, 0.028909362201787303]
ymax: 0.1440688414912031
yhalf: 0.07203442074560155
K0.5: 14647.782608174584
n: 1.0870173154162086
r**2: 0.8524263680260096
popt: [  1.44068841e-01   1.08701732e+00   1.46477826e+04]
pcov: [[  1.94270820e+00  -1.80732440e+00   2.56359966e+05]
 [ -1.80732440e+00   1.83945990e+00  -2.41895871e+05]
 [  2.56359966e+05  -2.41895871e+05   3.39098141e+10]]
rsq: [0.8524263680260096, 0.00012271095493264527, 0.00083152358108441]
**************************

Res#:  36R
xdata: [0, 125, 250, 500, 1000, 2000, 4000]
ydata: [0.0, -0.0091440695887001766, -0.017996884692138337, -0.038776670149161419, -0.056666627277905945, -0.062161545709500388, -0.10060481036708779]
ymax: -0.22120248472143192
yhalf: -0.11060124236071596
K0.5: 5544.112589810376
n: 0.7209327331286147
r**2: 0.9722068296178047
popt: [ -2.21202485e-01   7.20932733e-01   5.54411259e+03]
pcov: [[  5.77693741e-02   6.92753681e-02  -3.64676197e+03]
 [  6.92753681e-02   9.12960636e-02  -4.44757906e+03]
 [ -3.64676197e+03  -4.44757906e+03   2.31257951e+08]]
rsq: [0.9722068296178047, 0.0002077674509665837, 0.007475485815741359]
**************************

Res#:  37T
xdata: [0, 125, 250, 500, 1000, 2000, 4000]
ydata: [0.0, 0.019659462347789258, 0.014364496606390276, 0.02963446928850999, 0.025016563233350553, 0.039318140972255833, 0.083118513112623305]
!¡FIT FAILED TO FIND MINIMIZATION!¡
**************************

Res#:  38T
xdata: [0, 125, 250, 500, 1000, 2000, 4000]
ydata: [0.0, 0.001588266663475224, -0.020921312289559069, -0.027402275032684997, -0.050531389609929533, -0.070992256574797352, -0.074446168901133092]
ymax: 0.000852212481615116
yhalf: 0.000426106240807558
K0.5: 882.5342588160348
n: 6.9455120951258785e-09
r**2: -1.4586760968635182
popt: [  8.52212482e-04   6.94551210e-09   8.82534259e+02]
pcov: [[  2.90691854e-03   1.47294191e+00  -6.72721501e+09]
 [ -4.52839811e-01  -2.33216336e+19   1.50220013e+30]
 [  1.50135724e+11   1.50220013e+30  -9.67601698e+40]]
rsq: [-1.4586760968635182, 0.01453458821503813, 0.005911550624167048]
**************************

Res#:  39I
xdata: [0, 125, 250, 500, 1000, 2000, 4000]
ydata: [0.0, -0.0037464571814496139, -0.011350023798044617, -0.0043228923139082553, 0.0069703653419139755, 0.006968849393444998, 0.012685830791042463]
ymax: 0.009827340093619496
yhalf: 0.004913670046809748
K0.5: 974.515257423873
n: 34.548067483044726
r**2: 0.5684523590183527
popt: [  9.82734009e-03   3.45480675e+01   9.74515257e+02]
pcov: [[  2.22360398e-05   1.19914019e-01   3.06853498e-01]
 [  1.31645231e-01   2.04815161e+19   1.49142289e+19]
 [  3.35464163e-01   1.49142289e+19   1.08602421e+19]]
rsq: [0.5684523590183527, 0.0001778883177512227, 0.0004122101498378666]
**************************

Res#:  40H
xdata: [0, 125, 250, 500, 1000, 2000, 4000]
ydata: [0.0, 0.051923886126630237, 0.055651631491357989, 0.05238214479886949, 0.059990294124872889, 0.066328619093226848, 0.053702058659666818]
ymax: 0.06004227127431528
yhalf: 0.03002113563715764
K0.5: 12.528445996792284
n: 0.788147658920489
r**2: 0.9616545220458664
popt: [  0.06004227   0.78814766  12.528446  ]
pcov: [[  6.78768039e-05  -1.47041539e-02  -4.35647438e-01]
 [ -1.47041539e-02   3.92461524e+00   1.26564578e+02]
 [ -4.35647438e-01   1.26564578e+02   4.27752870e+03]]
rsq: [0.9616545220458664, 0.00011147433384469494, 0.0029071050823263524]
**************************

Res#:  41F
xdata: [0, 125, 250, 500, 1000, 2000, 4000]
ydata: [0.0, -0.0093352621123869994, -0.017081217519873348, -0.006378938878384588, -0.009656001302815298, 0.0019322852591727724, 0.0071465723718091567]
ymax: 0.007146572372463133
yhalf: 0.0035732861862315664
K0.5: 2056.5096767108225
n: 35.62766467418921
r**2: -0.2552867070876115
popt: [  7.14657237e-03   3.56276647e+01   2.05650968e+03]
pcov: [[ -5.39688239e-03   3.38179159e+09  -5.43899540e+09]
 [  3.38179160e+09  -2.06992234e+21   3.32909281e+21]
 [ -5.43899540e+09   3.32909281e+21  -5.35423901e+21]]
rsq: [-0.2552867070876115, 0.0005128443330433319, 0.0004085475693701729]
**************************

Res#:  42V
xdata: [0, 125, 250, 500, 1000, 2000, 4000]
ydata: [0.0, -0.0080927348042081348, -0.0045641579892077289, -0.028078743240826043, -0.041553168689645759, -0.042569394097213831, -0.077226161645015168]
ymax: -0.28841201209044254
yhalf: -0.14420600604522127
K0.5: 17596.986704575073
n: 0.7054056951282447
r**2: 0.9416614275411906
popt: [ -2.88412012e-01   7.05405695e-01   1.75969867e+04]
pcov: [[  1.04083384e+00   4.56265925e-01  -1.36873852e+05]
 [  4.56265925e-01   2.16967190e-01  -6.08909756e+04]
 [ -1.36873852e+05  -6.08909756e+04   1.80526486e+10]]
rsq: [0.9416614275411906, 0.0002650569999371962, 0.004543426223264943]
**************************

Res#:  43T
xdata: [0, 125, 250, 500, 1000, 2000, 4000]
ydata: [0.0, 0.66674164921205659, 0.69717632047600375, 0.71473260534519056, 0.70753250423906877, 0.71123709876094665, 0.71009882701507365]
ymax: 0.7112744325146766
yhalf: 0.3556372162573383
K0.5: 33.134808049459494
n: 2.0324105093891744
r**2: 0.9998649674728722
popt: [  0.71127443   2.03241051  33.13480805]
pcov: [[  5.27722012e-06  -7.71127898e-04  -1.49073221e-02]
 [ -7.71127898e-04   3.05489387e-01   6.51897081e+00]
 [ -1.49073221e-02   6.51897081e+00   1.41825691e+02]]
rsq: [0.9998649674728722, 5.713386405892271e-05, 0.42311186255788036]
**************************

Res#:  44I
xdata: [0, 125, 250, 500, 1000, 2000, 4000]
ydata: [0.0, -0.089016514012328685, -0.27558256406777559, -0.56682507643542124, -0.7269243218728576, -0.79729485007970879, -0.8228704839942651]
ymax: -0.821108886253052
yhalf: -0.410554443126526
K0.5: 345.9992705531845
n: 2.052117424651588
r**2: 0.9996551277377951
popt: [  -0.82110889    2.05211742  345.99927055]
pcov: [[  4.07492951e-05   2.40216989e-04  -2.45921999e-02]
 [  2.40216989e-04   4.13943508e-03  -1.39248643e-01]
 [ -2.45921999e-02  -1.39248643e-01   3.70924377e+01]]
rsq: [0.9996551277377951, 0.0002451532781932469, 0.7108524084422212]
**************************

Res#:  45M
xdata: [0, 125, 250, 500, 1000, 2000, 4000]
ydata: [0.0, -0.029581095718441475, -0.13331961631564582, -0.36560324041209924, -0.65821520332926298, -0.80823054241548675, -0.86854494545985972]
ymax: -0.8826739176767787
yhalf: -0.44133695883838936
K0.5: 592.2179131745049
n: 2.029337275907168
r**2: 0.999879090205511
popt: [  -0.88267392    2.02933728  592.21791317]
pcov: [[  2.89745587e-05   1.41375254e-04  -2.82024591e-02]
 [  1.41375254e-04   1.56749435e-03  -1.37507799e-01]
 [ -2.82024591e-02  -1.37507799e-01   5.03935456e+01]]
rsq: [0.999879090205511, 9.936335754221599e-05, 0.8217974231296247]
**************************

Res#:  46W
xdata: [0, 125, 250, 500, 1000, 2000, 4000]
ydata: [0.0, 0.026146186369857105, 0.079342476437091136, 0.20667451369115497, 0.45429103132650539, 0.6684496701587932, 0.73702638862647518]
ymax: 0.7799569447799171
yhalf: 0.38997847238995853
K0.5: 833.0465452115067
n: 1.9232452242136144
r**2: 0.9994286536420209
popt: [  7.79956945e-01   1.92324522e+00   8.33046545e+02]
pcov: [[  1.74566547e-04  -8.08367567e-04   2.78656670e-01]
 [ -8.08367567e-04   6.91653715e-03  -1.29236856e+00]
 [  2.78656670e-01  -1.29236856e+00   6.46799324e+02]]
rsq: [0.9994286536420209, 0.0003269295903584349, 0.5722091088754948]
**************************

Res#:  47H
xdata: [0, 125, 250, 500, 1000, 2000, 4000]
ydata: [0.0, 0.45909352724429198, 0.53931297014796087, 0.55849185819155878, 0.55113743397593851, 0.54705834678985354, 0.54886608477580978]
ymax: 0.5512919256905291
yhalf: 0.27564596284526455
K0.5: 77.88064983971881
n: 3.390011100391771
r**2: 0.9996273479761633
popt: [  0.55129193   3.3900111   77.88064984]
pcov: [[  6.55794268e-06  -9.83054711e-04  -9.07830601e-03]
 [ -9.83054711e-04   6.07524834e-01   6.49129665e+00]
 [ -9.07830601e-03   6.49129665e+00   7.18235023e+01]]
rsq: [0.9996273479761633, 9.366147655907212e-05, 0.2513376301965501]
**************************

Res#:  48W
xdata: [0, 125, 250, 500, 1000, 2000, 4000]
ydata: [0.0, -0.036798673722032049, -0.1299067919196375, -0.34629826751053372, -0.68177329296135269, -0.88443559559948426, -0.95472943123196785]
ymax: -0.9849383153034196
yhalf: -0.4924691576517098
K0.5: 669.9688969157236
n: 1.9756937268917238
r**2: 0.9998623938599009
popt: [  -0.98493832    1.97569373  669.96889692]
pcov: [[  4.87073453e-05   1.98497064e-04  -4.90193569e-02]
 [  1.98497064e-04   1.69148365e-03  -1.99729413e-01]
 [ -4.90193569e-02  -1.99729413e-01   8.22871946e+01]]
rsq: [0.9998623938599009, 0.00013509204637528573, 0.9817297852991945]
**************************

Res#:  49R
xdata: [0, 125, 250, 500, 1000, 2000, 4000]
ydata: [0.0, -0.0011535712685315502, 0.060512637402524661, 0.20286196531066025, 0.50352894918597713, 0.77524345011431706, 0.88818003694444769]
ymax: 0.9285070679082649
yhalf: 0.46425353395413244
K0.5: 921.2634072314905
n: 2.096738118139655
r**2: 0.9997120562202443
popt: [   0.92850707    2.09673812  921.26340723]
pcov: [[  1.27714440e-04  -5.52385230e-04   1.74371795e-01]
 [ -5.52385230e-04   4.53958202e-03  -7.55005198e-01]
 [  1.74371795e-01  -7.55005198e-01   3.56903514e+02]]
rsq: [0.9997120562202443, 0.00024338168210383078, 0.8452402837467488]
**************************

Res#:  50A
xdata: [0, 125, 250, 500, 1000, 2000, 4000]
ydata: [0.0, 0.043494037540455111, 0.16590982754739514, 0.40473782223951105, 0.62164229644929492, 0.70029911982658177, 0.72674330300316115]
ymax: 0.7326952289682164
yhalf: 0.3663476144841082
K0.5: 450.07972639404386
n: 2.1209413886866435
r**2: 0.9999477396265624
popt: [   0.73269523    2.12094139  450.07972639]
pcov: [[  6.08709923e-06  -3.97145061e-05   5.20285354e-03]
 [ -3.97145061e-05   7.12928170e-04  -3.34250650e-02]
 [  5.20285354e-03  -3.34250650e-02   1.01124600e+01]]
rsq: [0.9999477396265624, 3.0587741913941636e-05, 0.5852951271083776]
**************************

Res#:  51I
xdata: [0, 125, 250, 500, 1000, 2000, 4000]
ydata: [0.0, -0.035266814122422829, -0.08719461247140714, -0.2656420815963827, -0.55730138108130234, -0.73716345967204688, -0.79935822863963324]
ymax: -0.8228722392454221
yhalf: -0.41143611962271104
K0.5: 705.445795663181
n: 2.064313366081706
r**2: 0.9996972302837244
popt: [  -0.82287224    2.06431337  705.44579566]
pcov: [[  7.42532071e-05   3.79586227e-04  -9.03917501e-02]
 [  3.79586227e-04   4.15957006e-03  -4.62096674e-01]
 [ -9.03917501e-02  -4.62096674e-01   1.87788997e+02]]
rsq: [0.9996972302837244, 0.00020963366959583167, 0.6923865179599483]
**************************

Res#:  52G
xdata: [0, 125, 250, 500, 1000, 2000, 4000]
ydata: [0.0, -0.19757479924977872, -0.40883259777724845, -0.59733142846607734, -0.67723893986456574, -0.70201143714021441, -0.69560945352057502]
ymax: -0.7066976958087989
yhalf: -0.35334884790439947
K0.5: 208.26450077641223
n: 1.9082020443351362
r**2: 0.9996445332416614
popt: [  -0.7066977     1.90820204  208.26450078]
pcov: [[  2.17600495e-05   1.71369209e-04  -8.91914675e-03]
 [  1.71369209e-04   3.99357219e-03  -4.65065491e-02]
 [ -8.91914675e-03  -4.65065491e-02   1.21520685e+01]]
rsq: [0.9996445332416614, 0.00016448462631822022, 0.46272857435951564]
**************************

Res#:  53V
xdata: [0, 125, 250, 500, 1000, 2000, 4000]
ydata: [0.0, 0.0049094707489132361, 0.062364043785123613, 0.1713741354235907, 0.32754043282250223, 0.4573594375160468, 0.49027580344650801]
ymax: 0.511746160804747
yhalf: 0.2558730804023735
K0.5: 722.1683892106245
n: 1.9438022643389699
r**2: 0.9989300119127448
popt: [  5.11746161e-01   1.94380226e+00   7.22168389e+02]
pcov: [[  1.16722606e-04  -8.75023366e-04   2.46221561e-01]
 [ -8.75023366e-04   1.30552591e-02  -1.84606269e+00]
 [  2.46221561e-01  -1.84606269e+00   8.19418107e+02]]
rsq: [0.9989300119127448, 0.00028112125933935826, 0.2627330740293521]
**************************

Res#:  54N
xdata: [0, 125, 250, 500, 1000, 2000, 4000]
ydata: [0.0, 0.045527093857984369, 0.17590074445807602, 0.4644282154168593, 0.75004282152491442, 0.90747036946856952, 0.95447013171096273]
ymax: 0.9698825504644469
yhalf: 0.48494127523222347
K0.5: 529.0391434277153
n: 1.9927506866197278
r**2: 0.9998569719789457
popt: [   0.96988255    1.99275069  529.03914343]
pcov: [[  3.73727895e-05  -1.66265794e-04   3.00863232e-02]
 [ -1.66265794e-04   1.73396378e-03  -1.33128489e-01]
 [  3.00863232e-02  -1.33128489e-01   4.62754901e+01]]
rsq: [0.9998569719789457, 0.00014189945846985346, 0.9921095001097674]
**************************

Res#:  55V
xdata: [0, 125, 250, 500, 1000, 2000, 4000]
ydata: [0.0, -0.014269299322791085, -0.050705418799196877, -0.16773458737580427, -0.39159547756929669, -0.57452328084295345, -0.65447110078372361]
ymax: -0.6833531441415872
yhalf: -0.3416765720707936
K0.5: 868.5627820488819
n: 2.020230710144554
r**2: 0.9999797209199306
popt: [ -6.83353144e-01   2.02023071e+00   8.68562782e+02]
pcov: [[  4.70238030e-06   2.64984203e-05  -8.53313209e-03]
 [  2.64984203e-05   2.82966872e-04  -4.81332946e-02]
 [ -8.53313209e-03  -4.81332946e-02   2.31134337e+01]]
rsq: [0.9999797209199306, 9.165982236432424e-06, 0.45199201369457365]
**************************

Res#:  56I
xdata: [0, 125, 250, 500, 1000, 2000, 4000]
ydata: [0.0, 0.010300080572193338, 0.043352236489610618, 0.14307763630074533, 0.34566125858141561, 0.50973827279995021, 0.58368055086658899]
ymax: 0.6084047973312992
yhalf: 0.3042023986656496
K0.5: 881.9407985025274
n: 2.049769274488228
r**2: 0.9999410692452532
popt: [  6.08404797e-01   2.04976927e+00   8.81940799e+02]
pcov: [[  1.08274904e-05  -6.97968167e-05   2.20999370e-02]
 [ -6.97968167e-05   8.57481859e-04  -1.42582877e-01]
 [  2.20999370e-02  -1.42582877e-01   6.77496431e+01]]
rsq: [0.9999410692452532, 2.1226076094946943e-05, 0.36018673417836566]
**************************

Res#:  57T
xdata: [0, 125, 250, 500, 1000, 2000, 4000]
ydata: [0.0, -0.018763869814591772, -0.05863096155808023, -0.20051881593884957, -0.46357621967058549, -0.68333680409679687, -0.76746878429658238]
ymax: -0.8007731357189285
yhalf: -0.40038656785946425
K0.5: 854.241278461117
n: 2.0514573844657575
r**2: 0.9999715823458859
popt: [ -8.00773136e-01   2.05145738e+00   8.54241278e+02]
pcov: [[  8.59858454e-06   4.25397167e-05  -1.29343494e-02]
 [  4.25397167e-05   4.08294478e-04  -6.40111597e-02]
 [ -1.29343494e-02  -6.40111597e-02   2.97634873e+01]]
rsq: [0.9999715823458859, 1.7853780727854053e-05, 0.6282637073475584]
**************************

Res#:  58F
xdata: [0, 125, 250, 500, 1000, 2000, 4000]
ydata: [0.0, -0.0093083379871927718, -0.036476770720554441, -0.13335249285248096, -0.29278013538683467, -0.42752515932158985, -0.50661177308788297]
ymax: -0.5342330972521985
yhalf: -0.26711654862609924
K0.5: 914.1452596291571
n: 1.8771945706990019
r**2: 0.9994842318036605
popt: [ -5.34233097e-01   1.87719457e+00   9.14145260e+02]
pcov: [[  9.03110973e-05   5.68341277e-04  -2.34096629e-01]
 [  5.68341277e-04   6.20545320e-03  -1.47807109e+00]
 [ -2.34096629e-01  -1.47807109e+00   8.26420906e+02]]
rsq: [0.9994842318036605, 0.00013509332790582085, 0.26192644072397064]
**************************

Res#:  59E
xdata: [0, 125, 250, 500, 1000, 2000, 4000]
ydata: [0.0, -0.00040612999917755133, -0.00326922468754276, -0.0016688837638696441, -0.0086203526943222641, 0.0018231996032653797, -0.010541847052650155]
ymax: 0.0002858031034392666
yhalf: 0.0001429015517196333
K0.5: 985.5586293029135
n: 3.564511445632119e-07
r**2: -0.6214924583856114
popt: [  2.85803103e-04   3.56451145e-07   9.85558629e+02]
pcov: [[  1.78818459e-04  -2.60220992e-01   3.49956398e+09]
 [ -2.60220992e-01   9.11197554e+02  -6.05825083e+12]
 [  3.49956398e+09  -6.05825083e+12   8.52189486e+22]]
rsq: [-0.6214924583856114, 0.00020900848675725446, 0.00012889883371110296]
**************************

Res#:  60S
xdata: [0, 125, 250, 500, 1000, 2000, 4000]
ydata: [0.0, -0.014969267582003454, -0.03063413746995991, -0.031331734973591097, -0.039512353260164446, -0.042309735847865682, -0.050915813510968633]
ymax: -0.05611296154121801
yhalf: -0.028056480770609005
K0.5: 321.1335862870433
n: 0.7630910391487448
r**2: 0.9712055694923352
popt: [ -5.61129615e-02   7.63091039e-01   3.21133586e+02]
pcov: [[  1.42958297e-04   3.70736261e-03  -2.41714445e+00]
 [  3.70736261e-03   1.13073429e-01  -6.00689107e+01]
 [ -2.41714445e+00  -6.00689107e+01   4.42002849e+04]]
rsq: [0.9712055694923352, 5.2047920241089167e-05, 0.0018075690098206451]
**************************

Res#:  61W
xdata: [0, 125, 250, 500, 1000, 2000, 4000]
ydata: [0.0, -0.011491987059187636, -0.012249349798864273, 0.0087053184728773658, 0.021086791496642832, 0.010490183704831679, 0.041909731201300815]
ymax: 841.9217452502567
yhalf: 420.96087262512833
K0.5: 18228900.9491633
n: 1.1791222083059136
r**2: 0.7267262888522865
popt: [  8.41921745e+02   1.17912221e+00   1.82289009e+07]
pcov: [[  4.81594599e+15  -1.78805825e+08   8.86395247e+19]
 [ -1.78805825e+08   7.13904479e+00  -3.29106253e+12]
 [  8.86395247e+19  -3.29106253e+12   1.63144798e+24]]
rsq: [0.7267262888522865, 0.0005959958127978571, 0.002180948215965427]
**************************

Res#:  62M
xdata: [0, 125, 250, 500, 1000, 2000, 4000]
ydata: [0.0, -0.012535338458562251, -0.0092903909502979332, -0.0011143199663052883, -0.0083951066495160376, 0.0061978564689155746, -0.00083143449963074545]
!¡FIT FAILED TO FIND MINIMIZATION!¡
**************************

Res#:  63C
xdata: [0, 125, 250, 500, 1000, 2000, 4000]
ydata: [0.0, -0.0053842664640626481, -0.0032836948446401948, -0.029674841965885435, -0.02503617495969479, -0.033987758983187177, -0.042499029534042165]
ymax: -0.04077205028878932
yhalf: -0.02038602514439466
K0.5: 502.5859242134201
n: 1.5508576955058795
r**2: 0.8927763502376628
popt: [ -4.07720503e-02   1.55085770e+00   5.02585924e+02]
pcov: [[  7.77774264e-05   5.98688400e-03  -1.75275047e+00]
 [  5.98688400e-03   8.34371618e-01  -1.32737068e+02]
 [ -1.75275047e+00  -1.32737068e+02   5.84400569e+04]]
rsq: [0.8927763502376628, 0.00018376860903832407, 0.0017138813073948687]
**************************

Res#:  64D
xdata: [0, 125, 250, 500, 1000, 2000, 4000]
ydata: [0.0, 0.0075957279715623827, 0.0043888717557507562, -0.0005793094911297203, -0.002454831962921844, 0.00074321853215053579, -0.0193728022546793]
ymax: 0.0055598310931443675
yhalf: 0.0027799155465721838
K0.5: 664.8810487087515
n: 5.949825150683155e-08
r**2: -0.25474931422330416
popt: [  5.55983109e-03   5.94982515e-08   6.64881049e+02]
pcov: [[  1.18419314e-03   7.69774265e-02   2.38129043e+09]
 [  7.69774265e-02   1.88294386e+01   1.33736642e+11]
 [  2.38129043e+09   1.33736642e+11   5.28545667e+21]]
rsq: [-0.25474931422330416, 0.0005593588131807845, 0.0004457932806498725]
**************************

Res#:  65Q
xdata: [0, 125, 250, 500, 1000, 2000, 4000]
ydata: [0.0, 0.0039102640355963558, -0.0080645247450661373, -0.0079507037263510938, -0.015845169378877699, -0.015941308689406242, -0.031513231069681069]
ymax: 0.002223336586648373
yhalf: 0.0011116682933241865
K0.5: 798.0799891819115
n: 2.0566896302796412e-07
r**2: -1.1901974458360023
popt: [  2.22333659e-03   2.05668963e-07   7.98079989e+02]
pcov: [[  1.97657628e-03  -3.35536612e-01   4.22877635e+09]
 [ -3.35536612e-01   1.85610894e+02  -8.67582036e+11]
 [  4.22877635e+09  -8.67582036e+11   1.06873713e+22]]
rsq: [-1.1901974458360023, 0.0018168836839521456, 0.0008295524622249925]
**************************

Res#:  66R
xdata: [0, 125, 250, 500, 1000, 2000, 4000]
ydata: [0.0, -0.016288454323785118, -0.01202611290378286, -0.027504717581450677, -0.036422692714154437, -0.056486372912786464, -0.072691184482209792]
ymax: -0.1893528635655351
yhalf: -0.09467643178276755
K0.5: 7959.751934103046
n: 0.6624444925593661
r**2: 0.9838045121152705
popt: [ -1.89352864e-01   6.62444493e-01   7.95975193e+03]
pcov: [[  3.76420107e-02   4.07545904e-02  -4.13844341e+03]
 [  4.07545904e-02   4.79183518e-02  -4.55030196e+03]
 [ -4.13844341e+03  -4.55030196e+03   4.56704035e+08]]
rsq: [0.9838045121152705, 6.419859498834123e-05, 0.003963980303975479]
**************************

Res#:  67L
xdata: [0, 125, 250, 500, 1000, 2000, 4000]
ydata: [0.0, -0.0032417124241419515, 0.015901889671894764, 0.0077761330529568795, 0.019430609691852396, 0.022091836252059238, 0.020070015360857951]
ymax: 0.02160186515418134
yhalf: 0.01080093257709067
K0.5: 365.2597340163079
n: 1.6442134379821076
r**2: 0.7623397998110235
popt: [  2.16018652e-02   1.64421344e+00   3.65259734e+02]
pcov: [[  3.90854886e-05  -6.88132000e-03   1.14301679e+00]
 [ -6.88132000e-03   2.56062346e+00  -1.90818868e+02]
 [  1.14301679e+00  -1.90818868e+02   6.11556228e+04]]
rsq: [0.7623397998110235, 0.000149964716146759, 0.0006310047539618074]
**************************

Res#:  68Q
xdata: [0, 125, 250, 500, 1000, 2000, 4000]
ydata: [0.0, 0.015124127834070578, 0.0091183948437389972, 0.020566579431573473, 0.019813683647782909, 0.032423749157885595, 0.03571893610569532]
!¡FIT FAILED TO FIND MINIMIZATION!¡
**************************

Res#:  69S
xdata: [0, 125, 250, 500, 1000, 2000, 4000]
ydata: [0.0, -0.016924512048177576, -0.030842781028411537, -0.036327540103229694, -0.05008861756641636, -0.057553025747381525, -0.068326692938853739]
ymax: -0.08563828998352728
yhalf: -0.04281914499176364
