# fitting for parameter: 'N15_delta'
fit performed: Hill Equation
(Vmax*[S]**n)/(K0.5**n+[S]**n)

Res#:  1M
xdata: [0, 125, 250, 500, 1000, 2000, 4000]
ydata: [0.0, -0.0076867839827485795, -0.010819607514505947, -0.019299920521433478, -0.014475186047249622, -0.003922639012571949, -0.0094451452487049892]
ymax: -0.02188177643354376
yhalf: -0.01094088821677188
K0.5: 499.9991754502506
n: 3.2378070956577223e-05
r**2: 0.4153080410472092
popt: [ -2.18817764e-02   3.23780710e-05   4.99999175e+02]
pcov: [[  6.27748840e+01   9.39244458e-02  -8.85533747e+10]
 [  9.39244458e-02   1.43639608e-01  -1.31726883e+08]
 [ -8.85533747e+10  -1.31726883e+08   1.24917848e+20]]
rsq: [0.4153080410472092, 0.00014446370753638384, 0.0002470766107252864]
**************************

Res#:  2G
xdata: [0, 125, 250, 500, 1000, 2000, 4000]
ydata: [0.0, -0.012130579070316116, -0.0046602501003576435, -0.0098478539796360565, -0.0072266162584071481, -4.1491450076591718e-05, -0.0065634704325816529]
ymax: -0.013489075275526204
yhalf: -0.006744537637763102
K0.5: 499.9994326769976
n: 1.4148585564172496e-05
r**2: 0.3066192738749276
popt: [ -1.34890753e-02   1.41485856e-05   4.99999433e+02]
pcov: [[  8.82137928e+00  -1.17494891e+00  -4.62374632e+10]
 [ -1.17494891e+00   3.87736684e-01   6.16136192e+09]
 [ -4.62374632e+10   6.16136192e+09   2.42355170e+20]]
rsq: [0.3066192738749276, 8.81817479355617e-05, 0.0001271765202190743]
**************************

Res#:  3S
xdata: [0, 125, 250, 500, 1000, 2000, 4000]
ydata: [0.0, -0.017637418397015381, -0.007531374797295598, -0.01282651488133979, -0.0030089509074429088, -0.00064708641994570826, -0.0063357172941920226]
ymax: -0.015992838449896334
yhalf: -0.007996419224948167
K0.5: 499.99944660806335
n: 3.5003562233426414e-06
r**2: 0.21673383084064113
popt: [ -1.59928384e-02   3.50035622e-06   4.99999447e+02]
pcov: [[  1.01443090e+00  -4.09559919e-02  -1.81301986e+10]
 [ -4.09559919e-02   3.70912518e-01   7.50290264e+08]
 [ -1.81301986e+10   7.50290264e+08   3.24039538e+20]]
rsq: [0.21673383084064113, 0.0001981412628807981, 0.0002529679828932908]
**************************

Res#:  4L
xdata: [0, 125, 250, 500, 1000, 2000, 4000]
ydata: [0.0, 0.0080063655949942358, 0.0057826792976527486, 0.0040748742199951948, -0.0083756306867712738, 0.0090980688832900114, 0.0083045849461171883]
ymax: 0.008886182432644543
yhalf: 0.0044430912163222714
K0.5: 585.058014705389
n: 8.89301142175815e-06
r**2: 0.07393907571038605
popt: [  8.88618243e-03   8.89301142e-06   5.85058015e+02]
pcov: [[  5.99506903e+00   7.20386537e-01   7.96083546e+10]
 [  7.20386537e-01   1.38568458e+00   9.58051207e+09]
 [  7.96083546e+10   9.58051207e+09   1.05712362e+21]]
rsq: [0.07393907571038605, 0.00021552659855461823, 0.00023273479411729827]
**************************

Res#:  5S
xdata: [0, 125, 250, 500, 1000, 2000, 4000]
ydata: [0.0, -0.0082347579967176898, -0.0036487541185863392, -0.013654600056838717, -0.007258524723781079, -0.015533104667483144, 0.0038736918218518213]
ymax: -0.0012613408091829029
yhalf: -0.0006306704045914514
K0.5: 3408.333638644929
n: 6.949970310961715e-07
r**2: -0.7771612611738266
popt: [ -1.26134081e-03   6.94997031e-07   3.40833364e+03]
pcov: [[  1.44370579e-02   1.14282438e+00  -1.18614436e+11]
 [  1.14282438e+00   2.54575598e+02  -1.07367975e+13]
 [ -1.18614436e+11  -1.07367975e+13   9.90630655e+23]]
rsq: [-0.7771612611738266, 0.0005228540326942443, 0.0002942074217558039]
**************************

Res#:  6S
xdata: [0, 125, 250, 500, 1000, 2000, 4000]
ydata: [0.0, -0.012690031854063477, -0.023113481762493393, -0.01876024142956112, -0.013324525007490706, -0.016891499063191873, -0.016294425390512401]
ymax: -0.03369108757410031
yhalf: -0.016845543787050155
K0.5: 499.9994067830039
n: 8.562898761579527e-06
r**2: 0.7693431427311753
popt: [ -3.36910876e-02   8.56289876e-06   4.99999407e+02]
pcov: [[  3.28481924e+00   1.82499564e-01  -1.13799578e+10]
 [  1.82499564e-01   4.06354892e-02  -6.31637652e+08]
 [ -1.13799578e+10  -6.31637652e+08   3.94249883e+19]]
rsq: [0.7693431427311753, 7.292511350901895e-05, 0.00031616278125226767]
**************************

Res#:  7A
xdata: [0, 125, 250, 500, 1000, 2000, 4000]
ydata: [0.0, -0.013178725908232991, -0.01089788828025462, -0.0092157833088037933, -8.3103483916602272e-07, -0.0097690454848020636, -0.0012216039019961045]
ymax: -0.014757652499525896
yhalf: -0.007378826249762948
K0.5: 499.99940472998014
n: 9.865443257571804e-06
r**2: 0.2404867695802133
popt: [ -1.47576525e-02   9.86544326e-06   4.99999405e+02]
pcov: [[  1.83002595e+01   8.30648385e-01  -1.25844347e+11]
 [  8.30648385e-01   3.59445549e-01  -5.70640056e+09]
 [ -1.25844347e+11  -5.70640056e+09   8.65387883e+20]]
rsq: [0.2404867695802133, 0.00014745821926997294, 0.0001941483220621082]
**************************

Res#:  8N
xdata: [0, 125, 250, 500, 1000, 2000, 4000]
ydata: [0.0, 0.0036115012100594868, -0.016874859654549823, -0.00013905127107705084, 0.0012184279538303144, -0.0065222640706537049, -0.011857992939852124]
!¡FIT FAILED TO FIND MINIMIZATION!¡
**************************

Res#:  9N
xdata: [0, 125, 250, 500, 1000, 2000, 4000]
ydata: [0.0, 0.0035107590199743299, 0.015583372354001312, 0.0075008406736998268, 0.014209584696374122, 0.008703053550760842, 0.01484955474978733]
ymax: 0.012169281211385032
yhalf: 0.006084640605692516
K0.5: 128.2615863322644
n: 35.044741174774664
r**2: 0.7392784131740655
popt: [  1.21692812e-02   3.50447412e+01   1.28261586e+02]
pcov: [[  2.84058969e-06   1.63594695e-01  -1.42218435e-02]
 [  1.39258151e-01  -3.76766484e+19   3.55189091e+18]
 [ -1.41734405e-02   3.55189091e+18  -3.34847433e+17]]
rsq: [0.7392784131740655, 5.6811794140918446e-05, 0.0002179021493101286]
**************************

Res#:  10C
xdata: [0, 125, 250, 500, 1000, 2000, 4000]
ydata: [0.0, -0.002471278980635816, -0.018925699509352967, 0.0009735866537283755, 0.00069317403877278139, -0.003025963017719846, -0.0039290330541064122]
ymax: -0.00392903305425165
yhalf: -0.001964516527125825
K0.5: 1936.4784716987992
n: 37.46243320903167
r**2: -0.2672886846089477
popt: [ -3.92903305e-03   3.74624332e+01   1.93647847e+03]
pcov: [[  9.14294231e-05   3.35280798e+00   3.99559150e-01]
 [  3.63536454e+00   6.25096080e+20   1.05546386e+21]
 [ -6.10084729e-01   1.05546386e+21   1.78213236e+21]]
rsq: [-0.2672886846089477, 0.0003657176829398416, 0.0002885827731135251]
**************************

Res#:  11R
xdata: [0, 125, 250, 500, 1000, 2000, 4000]
ydata: [0.0, -0.0067109489944243705, -0.0022126735570680012, -0.006911083869738377, -0.00043125529720100531, 0.0057822393042243903, 0.004713263770227627]
!¡FIT FAILED TO FIND MINIMIZATION!¡
**************************

Res#:  12R
xdata: [0, 125, 250, 500, 1000, 2000, 4000]
ydata: [0.0, -0.017222508325943409, -0.0054553817450937458, -0.013324089592913424, -0.016516731435189058, -0.022263867369844093, -0.002681912079765425]
ymax: -0.025820758690491833
yhalf: -0.012910379345245917
K0.5: 499.9990255111392
n: 3.097949518106465e-05
r**2: 0.33829330662725343
popt: [ -2.58207587e-02   3.09794952e-05   4.99999026e+02]
pcov: [[  1.83986583e+02  -1.48835655e+00  -2.30146834e+11]
 [ -1.48835655e+00   2.11595355e-01   1.86288874e+09]
 [ -2.30146834e+11   1.86288874e+09   2.87888275e+20]]
rsq: [0.33829330662725343, 0.00027946030345783415, 0.00042233259275860325]
**************************

Res#:  13C
xdata: [0, 125, 250, 500, 1000, 2000, 4000]
ydata: [0.0, 0.014429639381418724, 0.00052260829026806732, 0.016417837933758506, 0.0059984053932709003, 0.00060525267247157899, 0.020776908297193586]
!¡FIT FAILED TO FIND MINIMIZATION!¡
**************************

Res#:  14E
xdata: [0, 125, 250, 500, 1000, 2000, 4000]
ydata: [0.0, -0.0048809280588102411, -0.0061122672191658012, 0.0070496227929766064, -0.00033273167865388587, -0.0077801322749735391, -0.0048630880371121066]
ymax: -40.245304400094554
yhalf: -20.122652200047277
K0.5: 3523607058.7944326
n: 0.6467665074706348
r**2: 0.0952250943018883
popt: [ -4.02453044e+01   6.46766507e-01   3.52360706e+09]
pcov: [[  1.12462250e+13   1.47979137e+07  -1.51356246e+21]
 [  1.47979137e+07   2.07824263e+01  -1.99166217e+15]
 [ -1.51356246e+21  -1.99166217e+15   2.03701368e+29]]
rsq: [0.0952250943018883, 0.000139584588554837, 0.0001542754862847743]
**************************

Res#:  15T
xdata: [0, 125, 250, 500, 1000, 2000, 4000]
ydata: [0.0, -0.0052658262818852108, -0.017341448953658301, -0.0049150152831600735, 4.0911781923114177e-05, -0.003430978685216246, -0.0074745695559386149]
ymax: -0.00048206912831639615
yhalf: -0.00024103456415819807
K0.5: 26076.403107118225
n: 16.431025070372534
r**2: -1.0036301634886615
popt: [ -4.82069128e-04   1.64310251e+01   2.60764031e+04]
pcov: [[ inf  inf  inf]
 [ inf  inf  inf]
 [ inf  inf  inf]]
rsq: [-1.0036301634886615, 0.0004202546320358991, 0.00020974660877742235]
**************************

Res#:  16M
xdata: [0, 125, 250, 500, 1000, 2000, 4000]
ydata: [0.0, 0.0019062262060458579, -0.01054680265309571, -0.019838691548812903, -0.014819393772427247, 0.0010090620455684984, -0.0028997839554563143]
ymax: -0.0005370941128539246
yhalf: -0.0002685470564269623
K0.5: 3146.6476749386056
n: 3.696992343667985e-07
r**2: -0.6009707210123618
popt: [ -5.37094113e-04   3.69699234e-07   3.14664767e+03]
pcov: [[  3.63396918e-04  -2.48621898e-01  -2.24607192e+09]
 [ -2.48621898e-01   9.95132903e+02  -3.80584104e+12]
 [ -2.24607192e+09  -3.80584104e+12   7.06056344e+22]]
rsq: [-0.6009707210123618, 0.0007136455720931498, 0.00044575804087277834]
**************************

Res#:  17M
xdata: [0, 125, 250, 500, 1000, 2000, 4000]
ydata: [0.0, 0.013284061203407305, 0.017349239363454672, 0.015999013818401409, 0.0032280177131980281, 0.021649449351201611, 0.0015177516940241276]
ymax: 0.021027548954047286
yhalf: 0.010513774477023643
K0.5: 334.62994214082175
n: 9.380585774725154e-08
r**2: 0.2439180959140198
popt: [  2.10275490e-02   9.38058577e-08   3.34629942e+02]
pcov: [[  7.64792302e-03  -7.94474216e-02   2.19541790e+09]
 [ -7.94474216e-02   1.12526804e+00  -2.21311285e+10]
 [  2.19541790e+09  -2.21311285e+10   6.37397320e+20]]
rsq: [0.2439180959140198, 0.00034249986455630243, 0.00045299307218620325]
**************************

Res#:  18E
xdata: [0, 125, 250, 500, 1000, 2000, 4000]
ydata: [0.0, 0.0076623577306804691, 0.010277077200441909, 0.005202973657233656, 0.0038947884091982132, 0.0091005165497648477, -0.0083580111213308328]
ymax: 0.008984072832597874
yhalf: 0.004492036416298937
K0.5: 447.9356794608738
n: 1.1385260976602757e-07
r**2: 0.07333269782335794
popt: [  8.98407283e-03   1.13852610e-07   4.47935679e+02]
pcov: [[  7.17221732e-03  -9.40259801e-02   5.69692952e+09]
 [ -9.40259801e-02   2.62731816e+00  -7.23574727e+10]
 [  5.69692952e+09  -7.23574727e+10   4.55486613e+21]]
rsq: [0.07333269782335794, 0.00023074159677525125, 0.0002490015523729649]
**************************

Res#:  20F
xdata: [0, 125, 250, 500, 1000, 2000, 4000]
ydata: [0.0, 0.0031944253420874702, -0.015790950951782179, 0.00014730616629776705, 0.0053744738882954834, -0.0067558407602774651, -0.0063489604925877074]
!¡FIT FAILED TO FIND MINIMIZATION!¡
**************************

Res#:  21S
xdata: [0, 125, 250, 500, 1000, 2000, 4000]
ydata: [0.0, 0.014210321976435125, 0.0097842485870103246, -0.0069232854441452218, 0.013439549219157243, -0.0016243370266124657, -0.0056010871749663238]
ymax: 0.011283601695071548
yhalf: 0.005641800847535774
K0.5: 579.1158726893029
n: 1.1035322680691695e-07
r**2: -0.011796195165553636
popt: [  1.12836017e-02   1.10353227e-07   5.79115873e+02]
pcov: [[  3.01838725e-03   1.31355542e-02   3.26202687e+09]
 [  1.31355542e-02   1.55644609e+00   1.63359294e+10]
 [  3.26202687e+09   1.63359294e+10   3.62508920e+21]]
rsq: [-0.011796195165553636, 0.0004884650171664588, 0.0004827701660674207]
**************************

Res#:  22L
xdata: [0, 125, 250, 500, 1000, 2000, 4000]
ydata: [0.0, 0.006979306667773244, 0.00036855041146566236, 0.0075986792984252816, 0.020568426208441792, 0.0069552601717219886, 0.0067114086970576636]
ymax: 0.011411698388078893
yhalf: 0.005705849194039447
K0.5: 488.7735389325768
n: 30.36385133528439
r**2: 0.37068965381692576
popt: [  1.14116984e-02   3.03638513e+01   4.88773539e+02]
pcov: [[  1.45548664e-05   1.95497553e+04   7.14645337e+03]
 [  1.95497555e+04   3.36809804e+17   1.23120460e+17]
 [  7.14645333e+03   1.23120460e+17   4.50065511e+16]]
rsq: [0.37068965381692576, 0.00017464478016858442, 0.00027751773227287457]
**************************

Res#:  23N
xdata: [0, 125, 250, 500, 1000, 2000, 4000]
ydata: [0.0, 0.005085135638552174, -0.014632245308561664, -0.012642999312149072, 0.0057720589408489786, -0.0029145788706870235, 0.0011427857712646983]
ymax: 0.0064333649082371925
yhalf: 0.0032166824541185962
K0.5: 4297.9870098393785
n: 21.304849455275267
r**2: -0.11616441676034417
popt: [  6.43336491e-03   2.13048495e+01   4.29798701e+03]
pcov: [[  6.95378866e+13  -3.53111095e+15   2.91250078e+18]
 [ -3.53111214e+15   1.79518795e+17  -1.47899166e+20]
 [  2.91250080e+18  -1.47899117e+20   1.21986227e+23]]
rsq: [-0.11616441676034417, 0.0004416180787999803, 0.00039565683349929056]
**************************

Res#:  24F
xdata: [0, 125, 250, 500, 1000, 2000, 4000]
ydata: [0.0, 0.0033347099672766944, 0.00098622987037799703, -0.0011296558039077809, 0.012223695478553509, 0.010216806644180565, 0.0053434863569918889]
!¡FIT FAILED TO FIND MINIMIZATION!¡
**************************

Res#:  25Q
xdata: [0, 125, 250, 500, 1000, 2000, 4000]
ydata: [0.0, -0.01397964459951595, -0.012961972537596012, -0.0093885100803277055, -0.007782242302511122, -0.007119170950318221, -0.015958975130402564]
ymax: -0.022396635896849537
yhalf: -0.011198317948424769
K0.5: 499.9996090685556
n: 1.2988685752085701e-05
r**2: 0.6228217740570843
popt: [ -2.23966359e-02   1.29886858e-05   4.99999609e+02]
pcov: [[  1.57511022e+12   9.13044673e+08  -5.41203329e+21]
 [  9.13044673e+08   5.29264977e+05  -3.13719517e+18]
 [ -5.41203329e+21  -3.13719517e+18   1.85955904e+31]]
rsq: [0.6228217740570843, 6.50949955272413e-05, 0.00017258418182679812]
**************************

Res#:  26M
xdata: [0, 125, 250, 500, 1000, 2000, 4000]
ydata: [0.0, -0.0054676703075102751, 0.014140526206887216, 0.015809053945105234, 0.0012133094596862293, -0.0022009896175774202, 0.016276097331825667]
!¡FIT FAILED TO FIND MINIMIZATION!¡
**************************

Res#:  27T
xdata: [0, 125, 250, 500, 1000, 2000, 4000]
ydata: [0.0, 0.0033600004219067614, -0.0018950435134996724, 0.01438002223444812, 0.0021467664846284151, 0.0082683565677683646, 0.0031348765071470552]
!¡FIT FAILED TO FIND MINIMIZATION!¡
**************************

Res#:  28L
xdata: [0, 125, 250, 500, 1000, 2000, 4000]
ydata: [0.0, -0.0077308179730977145, 0.001607852720013625, -0.012119659586019793, -0.013120861867236044, -0.013096411871302394, 0.0053638248566585389]
ymax: -0.005763879947472235
yhalf: -0.0028819399737361174
K0.5: 989.2007258922756
n: 2.443101701146067e-09
r**2: -0.11792803344403202
popt: [ -5.76387995e-03   2.44310170e-09   9.89200726e+02]
pcov: [[ inf  inf  inf]
 [ inf  inf  inf]
 [ inf  inf  inf]]
rsq: [-0.11792803344403202, 0.00040616891534746866, 0.000363322953890129]
**************************

Res#:  29D
xdata: [0, 125, 250, 500, 1000, 2000, 4000]
ydata: [0.0, 0.0042291129685025908, -0.0034091363404940012, -0.0086581752949683732, 0.00045842736982137922, -0.007325201758888511, -0.004257602589817111]
ymax: 0.0019768739431141524
yhalf: 0.0009884369715570762
K0.5: 1043.7896085325547
n: 1.5072064093893402e-08
r**2: -0.7571370989797577
popt: [  1.97687394e-03   1.50720641e-08   1.04378961e+03]
pcov: [[  5.49540468e-05   1.42295852e-02   9.85445287e+08]
 [  1.42295852e-02   1.84227666e+01  -7.65502038e+11]
 [  9.85445287e+08  -7.65502038e+11   3.71094591e+23]]
rsq: [-0.7571370989797577, 0.00021981619045877946, 0.00012509905492656822]
**************************

Res#:  30M
xdata: [0, 125, 250, 500, 1000, 2000, 4000]
ydata: [0.0, 0.0096047903683427194, 0.014392130380457502, 0.0040875802595650157, 0.013087639185258126, 0.01246976095661978, 0.0084648334746475484]
!¡FIT FAILED TO FIND MINIMIZATION!¡
**************************

Res#:  31V
xdata: [0, 125, 250, 500, 1000, 2000, 4000]
ydata: [0.0, -0.0068263975875026972, -0.020198947195808614, -0.0079413408677737607, -0.02051946896231982, -0.016468662076931651, -0.0078800376828809249]
!¡FIT FAILED TO FIND MINIMIZATION!¡
**************************

Res#:  32C
xdata: [0, 125, 250, 500, 1000, 2000, 4000]
ydata: [0.0, 0.0023608698407144857, 0.022318695640962005, 0.0021953460831980465, 0.0048847053647875782, 0.016898195862353305, 0.018697669411182005]
!¡FIT FAILED TO FIND MINIMIZATION!¡
**************************

Res#:  33T
xdata: [0, 125, 250, 500, 1000, 2000, 4000]
ydata: [0.0, -0.009259341017283873, -0.0040724613009075483, -0.011161303574084513, -0.014419357615096828, 0.0027937382020866153, -0.010386887907088749]
ymax: -0.01569655042367929
yhalf: -0.007848275211839645
K0.5: 7170.562196773252
n: 2.733380899280924e-08
r**2: 0.21295923085283708
popt: [ -1.56965504e-02   2.73338090e-08   7.17056220e+03]
pcov: [[  1.42575124e-04  -2.78966792e-03  -1.46364432e+09]
 [ -2.78966792e-03   4.91251389e-01  -2.57742979e+11]
 [ -1.46364432e+09  -2.57742979e+11   2.25381693e+23]]
rsq: [0.21295923085283708, 0.00019010016277522495, 0.0002415378849830326]
**************************

Res#:  34I
xdata: [0, 125, 250, 500, 1000, 2000, 4000]
ydata: [0.0, 0.00046535131372138494, -0.002792084440045528, 0.0074267877888019029, 0.0066050356194296, -0.0055603669239019382, -0.0032721697828037577]
ymax: 0.0043288868507956775
yhalf: 0.0021644434253978388
K0.5: 701.3960141009671
n: 6.735394386736355e-08
r**2: -0.11445603674698246
popt: [  4.32888685e-03   6.73539439e-08   7.01396014e+02]
pcov: [[  3.03521495e-04   4.34363701e-03   1.18251662e+09]
 [  4.34363701e-03   5.20567210e+00   2.80394876e+10]
 [  1.18251662e+09   2.80394876e+10   5.08065639e+21]]
rsq: [-0.11445603674698246, 0.00016409466924312922, 0.00014724194031207353]
**************************

Res#:  35W
xdata: [0, 125, 250, 500, 1000, 2000, 4000]
ydata: [0.0, -0.022898127939882329, -0.0076664688977814421, -0.0083144405482329375, -0.017937169006941645, -0.0042114995175950298, -0.0048742876134753033]
ymax: -0.021961945304925984
yhalf: -0.010980972652462992
K0.5: 499.9993980076885
n: 7.241173890463729e-06
r**2: 0.2617639828023669
popt: [ -2.19619453e-02   7.24117389e-06   4.99999398e+02]
pcov: [[  7.69217157e+00  -1.85979742e+00  -4.83919806e+10]
 [ -1.85979742e+00   7.38544043e-01   1.17071059e+10]
 [ -4.83919806e+10   1.17071059e+10   3.04439369e+20]]
rsq: [0.2617639828023669, 0.0002916234586713276, 0.00039502740570466794]
**************************

Res#:  36L
xdata: [0, 125, 250, 500, 1000, 2000, 4000]
ydata: [0.0, -0.0011263547864643897, -0.018875169180347484, -0.0089373805534478379, 0.0017875381931418133, 0.0028564366188987833, -0.015163922344285652]
ymax: -0.015198965043636282
yhalf: -0.007599482521818141
K0.5: 3320.7165363876234
n: 32.54188482822745
r**2: 0.01647166449351567
popt: [ -1.51989650e-02   3.25418848e+01   3.32071654e+03]
pcov: [[  1.28253907e+12   5.19766467e+16  -2.69723745e+18]
 [  5.19766468e+16   2.10642478e+21  -1.09309226e+23]
 [ -2.69723745e+18  -1.09309226e+23   5.67241196e+24]]
rsq: [0.01647166449351567, 0.00044877198695595353, 0.00045628780661906493]
**************************

Res#:  37C
xdata: [0, 125, 250, 500, 1000, 2000, 4000]
ydata: [0.0, 0.011927761054167263, -0.0019298406928811573, 0.017200934514889354, 0.0053732272352817745, 0.0088441364940052836, 0.0039257255503599708]
ymax: 0.014558836019815074
yhalf: 0.007279418009907537
K0.5: 460.0808728158094
n: 7.339809601937046e-08
r**2: 0.17913841939846586
popt: [  1.45588360e-02   7.33980960e-08   4.60080873e+02]
pcov: [[  2.21790437e-03   3.21908087e-02   2.08988022e+09]
 [  3.21908087e-02   1.11515487e+00   3.28535577e+10]
 [  2.08988022e+09   3.28535577e+10   2.00896984e+21]]
rsq: [0.17913841939846586, 0.0002221831922189948, 0.00027067071656122234]
**************************

Res#:  38N
xdata: [0, 125, 250, 500, 1000, 2000, 4000]
ydata: [0.0, -0.0015560744153617634, -0.01183906650325639, 0.0081581371831305205, -0.010061449869880335, 0.0037571060065744177, 0.0048285501530926922]
ymax: 0.004828549945586801
yhalf: 0.0024142749727934006
K0.5: 1921.7540830990667
n: 31.43668501650622
r**2: 0.09079212663501002
popt: [  4.82854995e-03   3.14366850e+01   1.92175408e+03]
pcov: [[  9.53396332e-05  -9.52578413e+06  -2.35023172e+07]
 [ -9.52578414e+06   5.11317494e+18   1.26153900e+19]
 [ -2.35023173e+07   1.26153900e+19   3.11250970e+19]]
rsq: [0.09079212663501002, 0.00031037283915592243, 0.0003413662026564163]
**************************

Res#:  39S
xdata: [0, 125, 250, 500, 1000, 2000, 4000]
ydata: [0.0, 0.017127007052906151, 0.014337064275252942, 0.018409846405205599, 0.01479482010024924, 0.01863507815069454, 0.011073928437909331]
ymax: 0.015866974799115117
yhalf: 0.007933487399557558
K0.5: 2.0389432529739472e-26
n: 0.2293624877975996
r**2: 0.8340307362085752
popt: [  1.58669748e-02   2.29362488e-01   2.03894325e-26]
pcov: [[  3.85456381e-05  -2.88615023e+02  -1.00403957e-21]
 [ -2.88615023e+02   4.57184789e+09   2.16285865e-14]
 [ -1.00403957e-21   2.16285865e-14   1.09352883e-37]]
rsq: [0.8340307362085752, 4.217971470015052e-05, 0.0002541417232118241]
**************************

Res#:  40F
xdata: [0, 125, 250, 500, 1000, 2000, 4000]
ydata: [0.0, 0.005132912150443758, 0.014699947911466893, 0.0026454873430736825, 0.0011454554383618643, 0.016569341523833714, 0.017529819666634694]
!¡FIT FAILED TO FIND MINIMIZATION!¡
**************************

Res#:  41D
xdata: [0, 125, 250, 500, 1000, 2000, 4000]
ydata: [0.0, -0.00051596679728049821, -0.013554621221217644, 0.0048129605044096024, -0.0056297142154164703, -0.0097925217712884205, -0.011139416039256389]
!¡FIT FAILED TO FIND MINIMIZATION!¡
**************************

Res#:  42L
xdata: [0, 125, 250, 500, 1000, 2000, 4000]
ydata: [0.0, -0.0041136894564175464, -0.0032547375494829112, -0.011700339016329053, -0.005197398443556267, -0.0048395451164537917, 0.0042407471407983621]
ymax: 0.01014771246521947
yhalf: 0.005073856232609735
K0.5: 4053.4356080069547
n: 24.996496293731305
r**2: -0.48675386365335704
popt: [  1.01477125e-02   2.49964963e+01   4.05343561e+03]
pcov: [[ -1.29093656e+13   1.17445915e+15  -3.56872241e+17]
 [  1.17410597e+15  -1.04455527e+17   3.24524257e+19]
 [ -3.56871481e+17   3.24621201e+19  -9.86550293e+21]]
rsq: [-0.48675386365335704, 0.0002148478408107378, 0.00014450800906802317]
**************************

Res#:  43W
xdata: [0, 125, 250, 500, 1000, 2000, 4000]
ydata: [0.0, 0.0115311338763604, 0.0094517469790105224, -0.0040026299294311229, -0.0053518304889479396, 0.010224996752882021, -0.0075702672355077993]
ymax: 0.009153793014818029
yhalf: 0.0045768965074090145
K0.5: 633.7876938090155
n: 7.114300207417295e-09
r**2: -0.0602654027937819
popt: [  9.15379301e-03   7.11430021e-09   6.33787694e+02]
pcov: [[ inf  inf  inf]
 [ inf  inf  inf]
 [ inf  inf  inf]]
rsq: [-0.0602654027937819, 0.00042376810264677437, 0.0003996811567463697]
**************************

Res#:  44E
xdata: [0, 125, 250, 500, 1000, 2000, 4000]
ydata: [0.0, 0.0067035963419925793, 0.0092863207497231315, 0.010000589202377341, 0.0085714309230979779, -0.010369507635630271, -0.008336325579222148]
ymax: 0.008335507278486231
yhalf: 0.004167753639243116
K0.5: 535.2893719544267
n: 4.08533350348497e-09
r**2: -0.017877190097946194
popt: [  8.33550728e-03   4.08533350e-09   5.35289372e+02]
pcov: [[ inf  inf  inf]
 [ inf  inf  inf]
 [ inf  inf  inf]]
rsq: [-0.017877190097946194, 0.0004537285351235898, 0.0004457596059107379]
**************************

Res#:  45I
xdata: [0, 125, 250, 500, 1000, 2000, 4000]
ydata: [0.0, 0.0023784345670776474, 0.0016487202086636898, -0.0050994258408536552, 0.010016474634682027, 0.001180076881524883, 0.0065129303865774091]
!¡FIT FAILED TO FIND MINIMIZATION!¡
**************************

Res#:  46W
xdata: [0, 125, 250, 500, 1000, 2000, 4000]
ydata: [0.0, -0.00067234933277404707, -0.010138238939475741, -0.00083630048189320405, -0.018260194653464623, -0.017411958030834285, -0.0015067488210718238]
!¡FIT FAILED TO FIND MINIMIZATION!¡
**************************

Res#:  47S
xdata: [0, 125, 250, 500, 1000, 2000, 4000]
ydata: [0.0, 0.016542291500272199, 0.0087298041368768509, 0.017579695524432282, 0.011665763489205005, 0.0096178366991779285, 0.0073011364684560931]
ymax: 0.020827752775522467
yhalf: 0.010413876387761234
K0.5: 168.00821774073833
n: 2.4130830569008158e-08
r**2: 0.5106514732799372
popt: [  2.08277528e-02   2.41308306e-08   1.68008218e+02]
pcov: [[  1.07950613e-04  -4.02772449e-03   4.67376366e+07]
 [ -4.02772449e-03   1.94804361e-01  -1.74381895e+09]
 [  4.67376366e+07  -1.74381895e+09   3.10273695e+19]]
rsq: [0.5106514732799372, 0.00010363258641642707, 0.00021177663926167544]
**************************

Res#:  48L
xdata: [0, 125, 250, 500, 1000, 2000, 4000]
ydata: [0.0, -0.018941241044785784, -0.0098918617127026209, -0.0098241251730826207, 0.0027388965660293252, -0.012058572464098916, -0.014411254724592482]
ymax: -0.014411254728101966
yhalf: -0.007205627364050983
K0.5: 1911.5541550822625
n: 36.12931244938494
r**2: -0.5673858493058008
popt: [ -1.44112547e-02   3.61293124e+01   1.91155416e+03]
pcov: [[  9.96071986e-03  -3.04779582e+09  -7.29364845e+09]
 [ -3.04779582e+09   9.45878668e+20   2.26357239e+21]
 [ -7.29364845e+09   2.26357239e+21   5.41693153e+21]]
rsq: [-0.5673858493058008, 0.000560634530300167, 0.00035768763036139023]
**************************

Res#:  49H
xdata: [0, 125, 250, 500, 1000, 2000, 4000]
ydata: [0.0, 0.003777224942169255, -6.3346234597361217e-05, 0.022308319368335106, -0.00044491313603600702, 0.0090115575440847806, 0.014416831969498389]
!¡FIT FAILED TO FIND MINIMIZATION!¡
**************************

Res#:  50G
xdata: [0, 125, 250, 500, 1000, 2000, 4000]
ydata: [0.0, 0.019392041194350895, 0.012171284100901403, 0.00063516961110110515, -0.00098568657118391911, -0.004259071533539327, 0.0049244328348407862]
ymax: 0.015628810479520288
yhalf: 0.007814405239760144
K0.5: 619.7091164891356
n: 8.330291517187082e-08
r**2: -0.031566347150795426
popt: [  1.56288105e-02   8.33029152e-08   6.19709116e+02]
pcov: [[  2.53055634e-03  -9.07218324e-04   3.01675984e+09]
 [ -9.07218324e-04   8.11457088e-01   1.20730657e+09]
 [  3.01675984e+09   1.20730657e+09   3.70937735e+21]]
rsq: [-0.031566347150795426, 0.0004361278987920813, 0.0004227822088193109]
**************************

Res#:  51I
xdata: [0, 125, 250, 500, 1000, 2000, 4000]
ydata: [0.0, 0.0068668102598792302, 0.0053719202588240478, 0.0019426955816754798, 0.0038522010761994352, 0.015645102879545902, -6.0921155125015503e-06]
ymax: 0.005675744629230293
yhalf: 0.0028378723146151464
K0.5: 2.159055344778329e-05
n: 0.8733906284072028
r**2: 0.152027695133779
popt: [  5.67574463e-03   8.73390628e-01   2.15905534e-05]
pcov: [[  3.87677545e-05  -9.63294644e+03  -3.96707089e+00]
 [ -9.63294644e+03   3.68400510e+12   1.54489683e+09]
 [ -3.96707089e+00   1.54489683e+09   6.48575913e+05]]
rsq: [0.152027695133779, 0.00015044328876591005, 0.00017741533290953942]
**************************

Res#:  52I
xdata: [0, 125, 250, 500, 1000, 2000, 4000]
ydata: [0.0, 0.0071556417620257662, 0.021078784857635924, 0.0056498397609630047, 0.0014452136680773719, 0.021373045708287464, 0.0086155219636339098]
!¡FIT FAILED TO FIND MINIMIZATION!¡
**************************

Res#:  53H
xdata: [0, 125, 250, 500, 1000, 2000, 4000]
ydata: [0.0, -0.011488551536686487, -0.0072295549217926691, -0.011071596051934307, -0.0047100506988471125, -0.0028129543202624063, -0.011190103615575708]
ymax: -0.016166925350810105
yhalf: -0.008083462675405053
K0.5: 499.99958023989973
n: 1.392964520295425e-05
r**2: 0.4442737806659254
popt: [ -1.61669254e-02   1.39296452e-05   4.99999580e+02]
pcov: [[  1.48434520e+01   6.39307136e-01  -6.58971442e+10]
 [  6.39307136e-01   1.54978344e-01  -2.83660644e+09]
 [ -6.58971442e+10  -2.83660644e+09   2.92549018e+20]]
rsq: [0.4442737806659254, 7.006293779530183e-05, 0.00012607455858256621]
**************************

Res#:  54L
xdata: [0, 125, 250, 500, 1000, 2000, 4000]
ydata: [0.0, 0.0059100032288483817, -0.0047695460349075347, 1.6344977638027558e-06, 0.012616727415036166, 0.00070545580237535432, 0.01269112197337563]
ymax: 306.57488371353026
yhalf: 153.28744185676513
K0.5: 2246850943.801837
n: 0.7706606674911994
r**2: 0.33365739421183527
popt: [  3.06574884e+02   7.70660667e-01   2.24685094e+09]
pcov: [[  3.10112735e+15  -1.62351002e+08   2.93816268e+22]
 [ -1.62351002e+08   9.15246342e+00  -1.53821976e+15]
 [  2.93816268e+22  -1.53821976e+15   2.78376183e+29]]
rsq: [0.33365739421183527, 0.0001819619621063885, 0.00027307568287811924]
**************************

Res#:  55C
xdata: [0, 125, 250, 500, 1000, 2000, 4000]
ydata: [0.0, 0.0064977207270828785, -0.0033979623850655116, 0.016003839014885557, 0.00033992150301287438, -0.0021225705881136037, 0.00080870016141432188]
ymax: 0.010711765568338947
yhalf: 0.0053558827841694735
K0.5: 665.0062221092477
n: 6.343113449787931e-08
r**2: -0.09271571603133077
popt: [  1.07117656e-02   6.34311345e-08   6.65006222e+02]
pcov: [[  3.20661597e-03   1.49548638e-02   4.93457008e+09]
 [  1.49548638e-02   1.10399541e+00   2.44078779e+10]
 [  4.93457008e+09   2.44078779e+10   7.71217590e+21]]
rsq: [-0.09271571603133077, 0.00029307657828125776, 0.0002682093558109441]
**************************

Res#:  56S
xdata: [0, 125, 250, 500, 1000, 2000, 4000]
ydata: [0.0, 0.010188670387208276, 0.011240340095497459, 0.0063450061071534947, 0.0066558918566386183, 0.010468540709609897, 0.0012092616699987957]
ymax: 0.011621652971480531
yhalf: 0.0058108264857402656
K0.5: 238.22833384382298
n: 4.884444513795608e-08
r**2: 0.24209111183453036
popt: [  1.16216530e-02   4.88444451e-08   2.38228334e+02]
pcov: [[  6.93849921e-04  -1.94079374e-02   4.73290255e+08]
 [ -1.94079374e-02   7.33918476e-01  -1.27840365e+10]
 [  4.73290255e+08  -1.27840365e+10   3.33372124e+20]]
rsq: [0.24209111183453036, 9.251332029980126e-05, 0.00012206390734344231]
**************************

Res#:  57R
xdata: [0, 125, 250, 500, 1000, 2000, 4000]
ydata: [0.0, 0.012549712031301397, 0.0075654358121255427, 0.011408591908406152, 0.014460199135797325, 0.0013888104604262708, 0.0076458456544656883]
ymax: 0.015493132096052933
yhalf: 0.007746566048026466
K0.5: 235.2605125639521
n: 2.7551709787902498e-08
r**2: 0.32934210067297265
popt: [  1.54931321e-02   2.75517098e-08   2.35260513e+02]
pcov: [[  5.42355038e-05  -6.43543942e-04   3.38700353e+07]
 [ -6.43543942e-04   2.13228183e-01   4.49270507e+08]
 [  3.38700353e+07   4.49270507e+08   3.97759969e+19]]
rsq: [0.32934210067297265, 0.00012201752380058214, 0.00018193705602069372]
**************************

Res#:  58I
xdata: [0, 125, 250, 500, 1000, 2000, 4000]
ydata: [0.0, -0.0051958709586585883, -3.8565962370284979e-05, 0.0030550510496993866, -0.012015932772357019, -0.011875019384859797, -0.011824251312845035]
ymax: 0.0015322895469103107
yhalf: 0.0007661447734551554
K0.5: 846.8069795487396
n: 2.2192447857277e-07
r**2: -1.040286534100737
popt: [  1.53228955e-03   2.21924479e-07   8.46806980e+02]
pcov: [[  5.91704041e-04  -1.21655132e-01   2.44426482e+09]
 [ -1.21655132e-01   1.56125482e+02  -6.88983550e+11]
 [  2.44426482e+09  -6.88983550e+11   1.19201430e+22]]
rsq: [-1.040286534100737, 0.0005231308978052264, 0.00025640070110828726]
**************************

Res#:  59R
xdata: [0, 125, 250, 500, 1000, 2000, 4000]
ydata: [0.0, 0.013805212204459849, 0.0039871473865105145, 0.013357668418976232, 0.011059011745075509, -0.0057513370056057056, 0.01007782220077047]
ymax: 0.013517122958889035
yhalf: 0.006758561479444518
K0.5: 405.68782431005275
n: 3.0638381586533224e-09
r**2: 0.1371261656372872
popt: [  1.35171230e-02   3.06383816e-09   4.05687824e+02]
pcov: [[ inf  inf  inf]
 [ inf  inf  inf]
 [ inf  inf  inf]]
rsq: [0.1371261656372872, 0.0002868931595348774, 0.00033248564055342604]
**************************

Res#:  60M
xdata: [0, 125, 250, 500, 1000, 2000, 4000]
ydata: [0.0, -0.01348837063963515, 0.0059061099646839921, 0.0069383298637433199, 0.0011822661775227061, -0.00077716954768902724, -0.007821386264481589]
ymax: -0.002648004191321875
yhalf: -0.0013240020956609374
K0.5: 779.2566277165583
n: 6.748835147575967e-06
r**2: 0.004844162975269128
popt: [ -2.64800419e-03   6.74883515e-06   7.79256628e+02]
pcov: [[  3.00464536e+00  -5.51300893e+00  -2.26882266e+11]
 [ -5.51300893e+00   3.17414688e+01   4.16094540e+11]
 [ -2.26882266e+11   4.16094540e+11   1.71322962e+22]]
rsq: [0.004844162975269128, 0.0003173089273490174, 0.00031885350569584394]
**************************

Res#:  61Y
xdata: [0, 125, 250, 500, 1000, 2000, 4000]
ydata: [0.0, 0.0036100439600943446, -0.0062609316667021631, -0.00084450954152259783, -0.0031941812864317853, -0.0012285255726993682, 0.003154793578431736]
ymax: 0.00827916610336706
yhalf: 0.00413958305168353
K0.5: 4077.665295348153
n: 25.23887460582059
r**2: 0.0940391148896278
popt: [  8.27916610e-03   2.52388746e+01   4.07766530e+03]
pcov: [[ -5.54074412e+12   6.13812899e+14  -1.85248541e+17]
 [  6.13845839e+14  -6.72990303e+16   2.05210067e+19]
 [ -1.85248646e+17   2.05199170e+19  -6.19357276e+21]]
rsq: [0.0940391148896278, 6.465694885073884e-05, 7.136836690566585e-05]
**************************

Res#:  62T
xdata: [0, 125, 250, 500, 1000, 2000, 4000]
ydata: [0.0, 0.012637816089878129, -0.004271446839481996, 0.0068350550428277757, -0.0063813005609603124, -0.0068566317599589865, 0.0073352678144118499]
ymax: 0.008481764097340588
yhalf: 0.004240882048670294
K0.5: 732.1872312709615
n: 1.1397020668097554e-08
r**2: -0.11697378133233127
popt: [  8.48176410e-03   1.13970207e-08   7.32187231e+02]
pcov: [[ inf  inf  inf]
 [ inf  inf  inf]
 [ inf  inf  inf]]
rsq: [-0.11697378133233127, 0.00039525877807658174, 0.0003538657618311464]
**************************

Res#:  63F
xdata: [0, 125, 250, 500, 1000, 2000, 4000]
ydata: [0.0, -0.0066090555372255722, -0.012974234742699764, -0.0089434076744367985, -0.017538989401103322, -0.0093496825494838731, -0.0063287603156538808]
ymax: -0.020581256028498144
yhalf: -0.010290628014249072
K0.5: 499.9990757540457
n: 1.934139918933669e-05
r**2: 0.4974739696507443
popt: [ -2.05812560e-02   1.93413992e-05   4.99999076e+02]
pcov: [[  4.51783176e+01   2.56130773e-01  -1.13404857e+11]
 [  2.56130773e-01   1.04506652e-01  -6.42009487e+08]
 [ -1.13404857e+11  -6.42009487e+08   2.84664570e+20]]
rsq: [0.4974739696507443, 9.169149432588701e-05, 0.000182461183676717]
**************************

Res#:  64M
xdata: [0, 125, 250, 500, 1000, 2000, 4000]
ydata: [0.0, -0.0038936820884032386, 0.014899676573492115, 0.015801174951121766, 0.0042899206981701354, 0.012489651654988165, 0.0010312940931953563]
!¡FIT FAILED TO FIND MINIMIZATION!¡
**************************

Res#:  65W
xdata: [0, 125, 250, 500, 1000, 2000, 4000]
ydata: [0.0, -0.010504629315633451, -0.00096984555126766736, 0.0034965550789536337, -0.0091528126619095929, -0.014470573460840797, -0.015274004296017551]
ymax: 0.0008639128756029235
yhalf: 0.00043195643780146175
K0.5: 923.6651196512236
n: 9.165406163667663e-08
r**2: -1.0578246386241346
popt: [  8.63912876e-04   9.16540616e-08   9.23665120e+02]
pcov: [[  1.38319209e-04  -9.00265825e-09   2.19491074e+09]
 [ -9.00265825e-09   8.06712635e+01  -6.62590499e+11]
 [  2.19491074e+09  -6.62590499e+11   2.14421124e+23]]
rsq: [-1.0578246386241346, 0.000691596120770382, 0.0003360811741630154]
**************************

Res#:  66M
xdata: [0, 125, 250, 500, 1000, 2000, 4000]
ydata: [0.0, -0.0072952540733126625, -0.0098053386089844707, -0.002748192555031892, -0.014608309238852257, -0.0042470656454867139, -0.0042402820131854924]
ymax: -0.014314474385192833
yhalf: -0.007157237192596417
K0.5: 499.999201983643
n: 2.5285460344379884e-06
r**2: 0.3073262036227855
popt: [ -1.43144744e-02   2.52854603e-06   4.99999202e+02]
pcov: [[  4.33074850e-01  -9.62865053e-02  -1.20065377e+10]
 [ -9.62865053e-02   2.52460501e-01   2.68570526e+09]
 [ -1.20065377e+10   2.68570526e+09   3.32882244e+20]]
rsq: [0.3073262036227855, 9.896749097541321e-05, 0.00014287748647780197]
**************************

Res#:  67W
xdata: [0, 125, 250, 500, 1000, 2000, 4000]
ydata: [0.0, 0.01661771547227886, -0.00098749819790100446, -0.0046276145174601879, 0.010376887878962293, 0.017563548834715448, 0.014366884275531788]
!¡FIT FAILED TO FIND MINIMIZATION!¡
**************************

Res#:  68G
xdata: [0, 125, 250, 500, 1000, 2000, 4000]
ydata: [0.0, -0.011816578411298906, 0.0015871199090753407, -0.0045672815152073554, 0.0061183143109246885, -0.012540840263369546, 0.010385497051345283]
ymax: 0.025754980029363703
yhalf: 0.012877490014681851
K0.5: 4056.314141522257
n: 28.035229183778753
r**2: 0.20296265587513806
popt: [  2.57549800e-02   2.80352292e+01   4.05631414e+03]
pcov: [[ -7.86610746e+12  -8.59649707e+13  -7.38775636e+16]
 [ -7.28527908e+13   4.37722892e+16  -7.74376476e+17]
 [ -7.39040865e+16  -8.97814396e+17  -6.93916203e+20]]
rsq: [0.20296265587513806, 0.0003577169815382219, 0.0004488083076345578]
**************************

Res#:  69C
xdata: [0, 125, 250, 500, 1000, 2000, 4000]
ydata: [0.0, 0.0063992126021759077, 0.0015677279405963418, 0.0043261642307612647, -0.0019143234140983623, -0.015100590282955295, -0.014286705055084781]
ymax: 0.004683015928985496
yhalf: 0.002341507964492748
K0.5: 655.0164542337777
n: 1.4282556749149902e-07
r**2: -0.38881390379162983
popt: [  4.68301593e-03   1.42825567e-07   6.55016454e+02]
pcov: [[  4.33568287e-02   1.33661351e+00   6.72636398e+10]
 [  1.33661351e+00   5.37248453e+01   2.08684606e+12]
 [  6.72636398e+10   2.08684606e+12   1.04607336e+23]]
rsq: [-0.38881390379162983, 0.0006198389425212609, 0.0004463081344656945]
**************************

Res#:  70Y
xdata: [0, 125, 250, 500, 1000, 2000, 4000]
ydata: [0.0, 0.018474496935894535, 0.0061460142080278501, 0.00383480291392857, -0.00038449601082390927, 0.019342241695397888, 0.012957520554380153]
!¡FIT FAILED TO FIND MINIMIZATION!¡
**************************

Res#:  71F
xdata: [0, 125, 250, 500, 1000, 2000, 4000]
ydata: [0.0, 0.0066814429702048983, 0.0062975699108278604, 0.0094099861908603089, 0.002106143636382285, 0.0087891868733152023, -0.0016961503473567063]
ymax: 0.009059945593533486
yhalf: 0.004529972796766743
K0.5: 365.78196071490595
n: 8.955767729231875e-08
r**2: 0.17862901448243795
popt: [  9.05994559e-03   8.95576773e-08   3.65781961e+02]
pcov: [[  2.25875638e-04  -7.42924643e-05   1.88426903e+08]
 [ -7.42924643e-05   4.71496482e-01   1.40053719e+09]
 [  1.88426903e+08   1.40053719e+09   1.73514126e+20]]
rsq: [0.17862901448243795, 9.434822063243418e-05, 0.00011486675606514577]
**************************

Res#:  72T
xdata: [0, 125, 250, 500, 1000, 2000, 4000]
ydata: [0.0, 0.0074182987243318621, -0.00077112155099712254, 0.017120544557513995, -0.0059069773887472365, 0.0060658642639737081, 0.0051049861223475546]
ymax: 0.011682349484643228
yhalf: 0.005841174742321614
K0.5: 731.7805784747993
n: 2.596189326578558e-07
r**2: 0.0430459482453357
popt: [  1.16823495e-02   2.59618933e-07   7.31780578e+02]
pcov: [[  3.62072436e-02   3.51721617e-02   1.51474499e+10]
 [  3.51721617e-02   1.17810183e+00   1.46094920e+10]
 [  1.51474499e+10   1.46094920e+10   6.34612764e+21]]
rsq: [0.0430459482453357, 0.0003120455104020113, 0.00032608202016580295]
**************************

Res#:  73M
xdata: [0, 125, 250, 500, 1000, 2000, 4000]
ydata: [0.0, -0.0063467582198484251, -0.0028634437914831778, 0.0029768252594237765, 0.0070165404926285646, 0.003258793797300541, -0.005680731636971359]
!¡FIT FAILED TO FIND MINIMIZATION!¡
**************************

Res#:  74R
xdata: [0, 125, 250, 500, 1000, 2000, 4000]
ydata: [0.0, -0.0042613966446936047, 0.0051361419775020067, 0.0012129294778162603, 0.0089400595699089536, 0.0040918759159183082, -0.0021998921115482517]
!¡FIT FAILED TO FIND MINIMIZATION!¡
**************************

Res#:  75C
xdata: [0, 125, 250, 500, 1000, 2000, 4000]
