Merit,Position F1,Position F2,Height,Volume,Line Width F1 (Hz),Line Width F2 (Hz),Fit Method,Vol. Method,Assign F1,Assign F2,Details,#,Number
1.0,6.703123568606189,123.20668586010167,14.513774399472066,52.37670271385068,17.924390683296625,32.49361703781887,parabolic,box sum,1MetH,1MetN,None,0,0
1.0,9.120449865054567,112.21701360099247,43.29495755138841,32.24296771921636,44.30104210375507,36.20459439848614,parabolic,box sum,2IleH,2IleN,None,1,1
1.0,8.131932139480128,132.36204218407505,83.38354407190066,19.739330288901243,42.61371337974257,49.01435289878515,parabolic,box sum,3IleH,3IleN,None,2,2
1.0,7.1773979673349695,105.46496499979868,74.64286672391634,8.651809578002752,6.417589258808586,27.01056144917514,parabolic,box sum,4ValH,4ValN,None,3,3
1.0,6.514233381838815,119.75058185869077,62.353967535536,28.01934620190693,17.697777776014476,36.56466943650945,parabolic,box sum,5AspH,5AspN,None,4,4
1.0,6.7346508501919935,134.12438147746067,48.8915462694429,11.608504396808627,13.593126066215133,27.2112522961571,parabolic,box sum,6GlyH,6GlyN,None,5,5
1.0,7.537962657859191,105.11646876278012,53.40009871797403,4.231801593341935,49.396876026561394,48.375225520901395,parabolic,box sum,7AsnH2b,7AsnN2b,None,6,6
1.0,7.726265669923021,105.12810628925683,89.45635500937311,38.25106345644061,30.517651212122093,25.66293704639099,parabolic,box sum,7AsnH2a,7AsnN2a,None,6,6
1.0,8.488664716136428,116.82907100197899,55.8683663723575,15.297083291150615,9.385417279446406,15.106656406757187,parabolic,box sum,7AsnH,7AsnN,None,6,6
1.0,7.0051029756390015,116.8267656573483,6.996117812904311,88.14000918500943,43.69105850400358,38.1674894701021,parabolic,box sum,8ThrH,8ThrN,None,7,7
1.0,8.378354943699513,108.94670968483558,76.0383720190446,65.38318925288202,18.650630267514142,17.853237714687857,parabolic,box sum,9LeuH,9LeuN,None,8,8
1.0,8.949973251947082,110.28078801610417,55.78104935102562,14.265094212377823,13.350886903065513,32.6040049928968,parabolic,box sum,10AspH,10AspN,None,9,9
1.0,8.335873976793765,113.61399888944744,41.84466434668368,43.695438530871684,23.637244045835697,20.190601056938885,parabolic,box sum,11LeuH,11LeuN,None,10,10
1.0,9.757329344031584,127.48240728579343,54.26290100611616,56.44010407353988,19.956179195688076,29.79801473253309,parabolic,box sum,12ArgH,12ArgN,None,11,11
1.0,7.180715078548148,124.83693456596947,45.90218289262275,0.21770413151486956,5.4491870734470655,38.99155886759581,parabolic,box sum,13SerH,13SerN,None,12,12
1.0,6.730071603458385,130.9421521512088,53.107428065288566,18.168111917450503,32.35546148994777,41.229621955829465,parabolic,box sum,14AspH,14AspN,None,13,13
1.0,8.419842747937484,122.77917750813837,18.383067191416085,35.52548575934755,13.78886705871575,7.070211781585879,parabolic,box sum,15GlnH,15GlnN,None,14,14
1.0,6.26407261693253,107.22481059042535,24.209112457519254,2.3800903495163706,11.522966510486501,29.033086523092603,parabolic,box sum,15GlnH2b,15GlnN2b,None,14,14
1.0,6.11214325321761,107.27208580886078,22.43214417590144,53.20302224360334,35.308915606647716,28.20661554024774,parabolic,box sum,15GlnH2a,15GlnN2a,None,14,14
1.0,7.126719586462434,122.11572577022037,12.967014902462967,51.171213126916896,11.520643544165484,6.18326203716106,parabolic,box sum,16LeuH,16LeuN,None,15,15
1.0,9.72599872606476,105.5492927309814,40.422604192793905,41.371572342836,40.15676355079812,48.09260203780339,parabolic,box sum,17MetH,17MetN,None,16,16
1.0,8.662964491849596,116.12846189598193,26.875370995922225,38.516678256955736,10.011699913690041,26.26721134739683,parabolic,box sum,18ValH,18ValN,None,17,17
1.0,9.35959511818906,128.59639681725267,67.84782502022655,21.035022796336744,21.0128258152503,49.1442567011535,parabolic,box sum,19GlyH,19GlyN,None,18,18
1.0,9.830553825384557,132.4252686652979,83.4282322261633,48.36623213319767,15.768258350948743,10.250590925194121,parabolic,box sum,20TrpH1a,20TrpN1a,None,19,19
1.0,7.574066418866041,120.17702554798574,67.33435004602264,79.84107446782373,22.109670328322796,40.34848998371785,parabolic,box sum,20TrpH,20TrpN,None,19,19
1.0,9.646968662554418,131.1865672950086,86.949468289782,19.694807931230223,30.643624223222435,11.396449349142964,parabolic,box sum,21ValH,21ValN,None,20,20
1.0,6.8777691290881275,117.9075378982914,83.05239822554393,63.804883226202755,32.23405065386737,26.800635877250045,parabolic,box sum,22PheH,22PheN,None,21,21
1.0,8.491238089309244,127.51272729291694,40.5557256169203,47.403987056409974,44.05150998824493,26.296676099144488,parabolic,box sum,23HisH,23HisN,None,22,22
1.0,8.008772739447787,126.06517689143297,28.441413476690574,8.80645454996965,18.976749773307652,38.508050275854366,parabolic,box sum,24HisH,24HisN,None,23,23
1.0,8.230586188419696,107.95771310084274,31.552131680527495,73.06143784149167,26.63721737789244,46.96015852986205,parabolic,box sum,25AsnH,25AsnN,None,24,24
1.0,6.5518793346627895,105.87285978382678,79.16572970936423,67.8310348509514,17.993381237420984,32.26682714451235,parabolic,box sum,25AsnH2b,25AsnN2b,None,24,24
1.0,7.150571661558351,105.86914928080819,1.7848183796828758,73.27370131416426,33.92840755179086,22.19608977245494,parabolic,box sum,25AsnH2a,25AsnN2a,None,24,24
1.0,7.886654014238965,112.38521926869669,67.16870650066701,39.43115733122005,29.857461239655322,16.68112291317303,parabolic,box sum,26LysH,26LysN,None,25,25
1.0,6.431997159897744,119.67265992074331,60.73569915661033,61.88253411883881,18.3021788502724,25.816473074453878,parabolic,box sum,27CysH,27CysN,None,26,26
1.0,9.938710032173141,120.97037240494828,28.284415740794877,65.32026540832668,42.984052844567664,27.922024537227255,parabolic,box sum,28CysH,28CysN,None,27,27
1.0,8.82637661950614,107.74674256208101,84.1105104528155,52.7707592369637,47.572500568276986,25.718438849413577,parabolic,box sum,29IleH,29IleN,None,28,28
1.0,7.640299312010637,129.50141416959337,58.23315298142066,7.925159493416152,42.729339395675964,37.959157039622845,parabolic,box sum,30GluH,30GluN,None,29,29
1.0,8.39388430790385,116.72373995255214,43.000038616285245,52.57839446494159,19.546000760081782,24.963255239523278,parabolic,box sum,31AlaH,31AlaN,None,30,30
1.0,6.688850431121825,110.47744193247159,6.064567177376782,18.901549507160436,22.5940947516044,13.748462231911951,parabolic,box sum,32GlnH2a,32GlnN2a,None,31,31
1.0,9.115246824819183,134.51087496843616,29.215388297177057,45.603943046274836,29.646938505444414,25.778166164774067,parabolic,box sum,32GlnH,32GlnN,None,31,31
1.0,7.094348304094609,110.90856881301784,7.474858227476416,13.611943519481855,42.37908335380389,26.28948004146064,parabolic,box sum,32GlnH2b,32GlnN2b,None,31,31
1.0,8.192871310559882,130.17512315425162,40.20855460245383,5.401047421714999,26.732446718829042,35.12205096911167,parabolic,box sum,33GluH,33GluN,None,32,32
1.0,6.576756667450878,107.56158257245406,5.391788471264214,9.663799706348954,45.741027730020605,20.633367404926187,parabolic,box sum,34GlnH,34GlnN,None,33,33
1.0,6.707431145289532,113.87546486976461,21.708737018850513,28.02376209587842,17.455890591353658,5.68140370180976,parabolic,box sum,34GlnH2a,34GlnN2a,None,33,33
1.0,7.34011125702708,114.11464186150536,14.283444088194859,1.0797460722131478,18.154130125492973,47.8773045897695,parabolic,box sum,34GlnH2b,34GlnN2b,None,33,33
1.0,7.637186393151331,115.95878647145186,20.394232487967674,1.1660979294585572,5.703356445857467,23.653932648013644,parabolic,box sum,35CysH,35CysN,None,34,34
1.0,6.8686896732435185,123.4261440764164,20.456948515236434,5.659286325427268,7.427684153209214,49.546656260146484,parabolic,box sum,36LysH,36LysN,None,35,35
1.0,9.995960989458068,133.76053852354693,19.67591377156071,10.436504188408719,19.291108123015388,49.235678682646984,parabolic,box sum,37HisH,37HisN,None,36,36
1.0,7.508646431902759,107.9911563694922,16.16868911248717,8.00649661838404,26.146569102571203,45.33757225253263,parabolic,box sum,38GluH,38GluN,None,37,37
1.0,8.345447579683968,111.7519575128302,16.69215335937492,7.867161579197419,38.225573980487695,47.5858563001892,parabolic,box sum,39CysH,39CysN,None,38,38
1.0,6.239293032322023,112.1664678219654,26.701395070525503,18.764217836178045,16.170121242893234,41.33964235046565,parabolic,box sum,40GlnH2a,40GlnN2a,None,39,39
1.0,6.327601331415128,112.31438791491271,41.99789311010035,26.484580408641296,8.958688832746226,33.95549086214455,parabolic,box sum,40GlnH2b,40GlnN2b,None,39,39
1.0,6.020999316547796,122.30479787357993,12.88488796021329,49.31732878637238,43.00968960949007,7.523687359209395,parabolic,box sum,40GlnH,40GlnN,None,39,39
1.0,6.715829192088727,125.95346476744047,45.77379751342221,41.6334192777428,27.136807048346927,36.49936535954808,parabolic,box sum,41SerH,41SerN,None,40,40
1.0,9.973874688978546,120.60749192775819,22.168062564858957,7.708697664562617,14.470966914616643,48.45925359741076,parabolic,box sum,42CysH,42CysN,None,41,41
1.0,6.6539151631722495,107.76535245688089,40.97883439187669,3.7982443958260586,38.23873931447212,46.77239687900538,parabolic,box sum,43ArgH,43ArgN,None,42,42
1.0,8.268460631040652,116.50582500582442,11.172562278039782,15.939010743844156,37.84749367509265,29.80288908550405,parabolic,box sum,44LysH,44LysN,None,43,43
1.0,8.022860816007427,123.60978709799329,53.19605785514702,12.938518216318927,23.730090276047278,28.01011255185612,parabolic,box sum,45AlaH,45AlaN,None,44,44
1.0,7.108326647444107,134.3782388532871,74.58300425103707,43.81060568437733,33.83552949801744,10.815106908387179,parabolic,box sum,46TrpH,46TrpN,None,45,45
1.0,9.863003008874035,132.4914918407971,29.811513523409904,50.212326715402604,12.311403579724114,27.608538451776365,parabolic,box sum,46TrpH1a,46TrpN1a,None,45,45
1.0,7.010363651648535,113.14717293425821,1.7091268240479376,75.92774060529123,49.61268979568194,11.330597201313884,parabolic,box sum,47PheH,47PheN,None,46,46
1.0,6.87497737820438,116.31341206824001,72.46326375138868,36.564990451639574,48.436184432524826,32.048582185035116,parabolic,box sum,48LeuH,48LeuN,None,47,47
1.0,6.1935726539813345,107.80825403773696,49.06966618412991,10.735815716668242,30.275012554782684,46.42949128515786,parabolic,box sum,49GlnH2a,49GlnN2a,None,48,48
1.0,7.581310889673372,125.01349204440328,72.84421763589496,38.49655253925054,7.475186094324067,28.686397253942904,parabolic,box sum,49GlnH,49GlnN,None,48,48
1.0,7.394229491951483,107.8190275833687,18.963388896942764,7.941908571495408,16.247382957719633,5.219818766169426,parabolic,box sum,49GlnH2b,49GlnN2b,None,48,48
1.0,6.27242362824739,130.84026877667543,78.74032516252912,14.025727482884209,21.94166205716924,37.591116394709005,parabolic,box sum,50HisH,50HisN,None,49,49
1.0,9.606318477338693,126.47192806433138,63.018868077099235,85.18215131845092,38.51464115901765,5.9733820947011615,parabolic,box sum,51ArgH,51ArgN,None,50,50
1.0,6.710630168055862,113.25962121349455,5.126467690447242,24.219069188572764,47.72795159185271,6.639727860661571,parabolic,box sum,52LeuH,52LeuN,None,51,51
1.0,7.908196308112891,116.03606752776986,6.075926451688882,80.06673865716351,16.378619577821258,26.872777160799465,parabolic,box sum,53PheH,53PheN,None,52,52
1.0,8.911547862681005,110.75189259205877,64.90338386591696,28.702621807213713,42.65463967325599,27.676030555226326,parabolic,box sum,54PheH,54PheN,None,53,53
1.0,9.778331268934783,115.98760141951895,59.727162846521615,47.99079516124636,19.99136812072729,44.436238509963474,parabolic,box sum,55ArgH,55ArgN,None,54,54
1.0,8.721760366004998,122.86117393726938,87.06763899165031,53.83257611562953,17.011567835797788,42.116193727196844,parabolic,box sum,56GluH,56GluN,None,55,55
1.0,7.599613524468678,119.44104355579154,74.49406755225954,63.73918678498984,41.62649868660858,25.39130839664998,parabolic,box sum,57IleH,57IleN,None,56,56
1.0,8.600432748043932,126.68057884768874,37.5285955785347,35.345989287443544,6.597095525042553,36.50887869858539,parabolic,box sum,58ValH,58ValN,None,57,57
1.0,9.0863828896227,127.87732050913267,37.27212004342964,50.38648310755319,34.73240626519481,25.571061213299817,parabolic,box sum,59IleH,59IleN,None,58,58
1.0,8.56170858130392,109.72269996455653,15.753479681530319,8.415495685328281,47.86672038810914,5.711862143590866,parabolic,box sum,60GlyH,60GlyN,None,59,59
1.0,6.263401995826826,131.8304063715064,14.218943960830671,83.5697131594794,22.112392040486395,11.441006036237463,parabolic,box sum,61PheH,61PheN,None,60,60
1.0,7.38677886239921,130.41982413636262,62.685164330143884,77.88159436905185,40.30122185184627,44.393069024620225,parabolic,box sum,62SerH,62SerN,None,61,61
1.0,6.133663163435968,108.69351979537014,42.24577720943835,84.86387629624717,16.4660068354716,12.731899792186066,parabolic,box sum,63AsnH2b,63AsnN2b,None,62,62
1.0,6.543748030188096,108.68382826221462,68.80453558481312,45.10717923249502,15.106414650033372,17.318220641735042,parabolic,box sum,63AsnH2a,63AsnN2a,None,62,62
1.0,9.605791516390976,129.33607470472077,4.298637928717834,29.537594820116993,25.3982729975214,46.00317208571996,parabolic,box sum,63AsnH,63AsnN,None,62,62
1.0,9.447646786427478,109.39562936174966,7.444847341931267,54.62375647373542,34.53106693271908,48.57819444470284,parabolic,box sum,64ThrH,64ThrN,None,63,63
1.0,6.065906168044397,126.09096981925627,25.155886524016616,26.414689337032566,49.45066116090172,36.2425325629832,parabolic,box sum,65SerH,65SerN,None,64,64
1.0,6.310385434608181,121.97046433480224,47.291352407464366,79.55341496126454,7.442957566096249,36.18002883110489,parabolic,box sum,66MetH,66MetN,None,65,65
1.0,7.118896041202103,112.81176466200739,61.093635451449494,65.70382263489964,27.267596189700445,36.10396360901421,parabolic,box sum,67AsnH2b,67AsnN2b,None,66,66
1.0,9.959542843343572,114.68767349563957,23.092601841348813,78.61456943259616,41.8207255723552,35.234832221913386,parabolic,box sum,67AsnH,67AsnN,None,66,66
1.0,7.484471100339676,112.7959924218648,70.97544520204859,25.83845162516684,23.05725130163565,45.74785378284741,parabolic,box sum,67AsnH2a,67AsnN2a,None,66,66
1.0,6.413267520443862,124.62054570762596,12.522572379228452,36.506395664226616,20.949111832554603,7.755950261304785,parabolic,box sum,68TyrH,68TyrN,None,67,67
1.0,8.735451185761121,117.01049598224739,17.593203691764995,87.68695618110347,23.622025585271526,5.489813567524418,parabolic,box sum,69IleH,69IleN,None,68,68
1.0,8.791311567807794,114.35280043373679,5.656039103057648,83.80194705220858,7.906840608216842,28.41527920920882,parabolic,box sum,70ArgH,70ArgN,None,69,69
1.0,6.6017808940905365,116.93319653021841,5.1295739851401505,33.6994053760404,9.193946874715934,23.11313110912975,parabolic,box sum,71SerH,71SerN,None,70,70
1.0,7.65728728180717,111.92699149679653,36.5590346123501,79.90291067372681,32.04079046848627,6.650453170579741,parabolic,box sum,72GlnH2b,72GlnN2b,None,71,71
1.0,8.857941780903074,108.59014809523217,4.52200574636585,32.648213416121415,27.71806417895203,27.327617696452716,parabolic,box sum,72GlnH,72GlnN,None,71,71
1.0,6.954469745631595,111.92193168120583,29.638523906876525,38.30223921527062,49.49314344883829,29.5091247697396,parabolic,box sum,72GlnH2a,72GlnN2a,None,71,71
1.0,7.98473781821801,125.2573088507595,26.35406631412366,78.20162182571163,26.75639672517607,42.346098015709615,parabolic,box sum,73AlaH,73AlaN,None,72,72
1.0,9.831881098532145,115.26814766945651,39.66783558097596,67.30595689303762,14.671710778570011,15.684299858059866,parabolic,box sum,74MetH,74MetN,None,73,73
1.0,6.147729570334319,119.53326590105107,20.81803393768475,34.30589825283908,12.743099844763117,47.64841932695368,parabolic,box sum,75TrpH,75TrpN,None,74,74
1.0,9.097675688071647,131.24235135116845,59.24898772453805,50.2135036303281,38.0478670092346,5.859406873767707,parabolic,box sum,75TrpH1a,75TrpN1a,None,74,74
1.0,9.751903860581015,105.65677569371455,90.19157203001517,45.27491082242468,16.125599219178564,43.475880791542025,parabolic,box sum,76AlaH,76AlaN,None,75,75
1.0,7.395202969069751,113.89168473998085,62.918670295039135,58.74870263108409,43.655735692787616,29.89933199594519,parabolic,box sum,77GlnH2b,77GlnN2b,None,76,76
1.0,6.158730835356373,113.89391523584253,67.28336399197273,76.0595128901011,39.61472755065623,37.508760165910886,parabolic,box sum,77GlnH2a,77GlnN2a,None,76,76
1.0,8.153469579625204,113.17058524303252,78.0001334806032,15.900202934504183,43.703542401335454,48.393255981759616,parabolic,box sum,77GlnH,77GlnN,None,76,76
1.0,6.028844053007985,131.40097540564796,43.86553956331556,39.313687794110244,14.032563865646129,24.89543424939504,parabolic,box sum,78AlaH,78AlaN,None,77,77
1.0,9.245722514959828,119.29001841505692,49.76120862081128,40.84886146083088,19.11667430325486,5.240930608168877,parabolic,box sum,79ArgH,79ArgN,None,78,78
1.0,6.039228721494689,119.81061104657891,1.4943389986888849,2.535908001588973,41.241946726443004,24.010124822025013,parabolic,box sum,80LeuH,80LeuN,None,79,79
1.0,7.044279787835747,124.23202402103499,12.870667685140269,42.48173207185515,34.48596566318555,7.270789958321113,parabolic,box sum,81GluH,81GluN,None,80,80
1.0,6.335730342923553,123.7797705517347,21.288690381788737,9.746263098588315,14.05510288826747,45.38814137616578,parabolic,box sum,82LysH,82LysN,None,81,81
1.0,9.324765485351628,123.76130314466299,1.8158058283709932,2.164614431844536,24.90284222302621,34.19281779760273,parabolic,box sum,83LeuH,83LeuN,None,82,82
1.0,6.875105424415349,110.25526277059681,2.3017796302015977e-12,7.916532749949411e-13,42.37936842674252,27.299510603178536,parabolic,box sum,84PheH,84PheN,None,83,83
1.0,7.2080908777010215,127.19674500869876,2.6691033452369332e-12,2.432361985628105e-12,38.6857485774288,26.858852891845125,parabolic,box sum,85ValH,85ValN,None,84,84
1.0,9.133665608528982,133.33415322341978,2.176359029322698,2.342831934981867,22.180691690799225,47.22214245774112,parabolic,box sum,86CysH,86CysN,None,85,85
1.0,7.239132572093876,107.47988680406215,20.234775074490578,4.510664382659724,29.034527185542718,7.719578904639988,parabolic,box sum,87HisH,87HisN,None,86,86
1.0,9.179812736876103,133.2906504772539,16.469539280341813,35.8749552519278,34.26778790874282,22.904239821539157,parabolic,box sum,88MetH,88MetN,None,87,87
1.0,9.951411625679524,110.56338712257049,15.380107638785061,8.630580805267755,37.8420769846174,30.22499501062648,parabolic,box sum,89TyrH,89TyrN,None,88,88
1.0,8.696724264275154,134.77891823482668,13.559691987321244,7.30906398822153,44.15509287428307,37.502946286286885,parabolic,box sum,90AspH,90AspN,None,89,89
1.0,8.581618235439544,110.75711675798473,46.11757226163146,20.152495932924463,18.484568975181755,34.67408727234581,parabolic,box sum,91LeuH,91LeuN,None,90,90
1.0,9.353382084812083,133.39778348407438,8.576833016893342,21.104682275098895,36.30002625492001,30.2508438957529,parabolic,box sum,92TrpH1a,92TrpN1a,None,91,91
1.0,7.032182729376261,123.12663414849798,31.68928389874181,66.6417700290391,11.51875262008622,43.85158736080745,parabolic,box sum,92TrpH,92TrpN,None,91,91
1.0,7.684531833418407,128.90969451028363,4.96716490931233,69.73414987594602,26.079823400070097,48.5816917184072,parabolic,box sum,93ArgH,93ArgN,None,92,92
1.0,6.750657454070732,126.36743490797399,86.93994780972558,7.538522694207599,33.250531975836,41.46494778434514,parabolic,box sum,94AspH,94AspN,None,93,93
1.0,6.146734773132246,128.84154118875395,16.461826914215205,84.39809049556844,15.130043573143018,18.185668146946583,parabolic,box sum,95AspH,95AspN,None,94,94
1.0,8.727844654272761,131.5546860283942,8.595554838679574,74.04847840139861,35.43326117908312,11.717578948880726,parabolic,box sum,96CysH,96CysN,None,95,95
1.0,9.152794467549661,109.87266834166122,61.56878861990412,48.40608706357081,27.01046395813887,39.6826840141426,parabolic,box sum,97ArgH,97ArgN,None,96,96
1.0,6.912347484820119,105.12118731041329,14.315804608846213,67.40388197608105,25.547525001806864,6.616664199051743,parabolic,box sum,98TyrH,98TyrN,None,97,97
1.0,6.118723126986525,130.95503381607978,72.30849086619385,73.35709440595299,32.37919271546028,31.952179444355018,parabolic,box sum,99SerH,99SerN,None,98,98
1.0,7.700402785000841,110.4691430366293,51.77924711964088,41.75061540240636,31.322156770110446,37.42395553173954,parabolic,box sum,100AspH,100AspN,None,99,99
