# fitting for parameter: 'H1_delta'
fit performed: Hill Equation
(Vmax*[S]**n)/(K0.5**n+[S]**n)

Res#:  1M
xdata: [0, 125, 250, 500, 1000, 2000, 4000]
ydata: [0.0, 0.0010953441868313263, 0.0011009642238066775, 0.00072917652971060676, 0.00028051981096766099, 0.00039210005320811092, 0.00039533121632295831]
ymax: 0.0010945264464295183
yhalf: 0.0005472632232147592
K0.5: 382.4133142717757
n: 1.1442404200297737e-07
r**2: 0.2805425370507145
popt: [  1.09452645e-03   1.14424042e-07   3.82413314e+02]
pcov: [[  1.04520868e-05  -1.58858709e-04   5.99660132e+07]
 [ -1.58858709e-04   2.88259237e-01  -3.21133649e+08]
 [  5.99660132e+07  -3.21133649e+08   3.49515691e+20]]
rsq: [0.2805425370507145, 7.583810883635064e-07, 1.0541013575071702e-06]
**************************

Res#:  2G
xdata: [0, 125, 250, 500, 1000, 2000, 4000]
ydata: [0.0, 0.00094401191384108074, -0.00036276256546408092, 0.0002352597316583882, -0.00013346487439669374, 7.3830220443937833e-05, -8.4019671895418924e-05]
ymax: 0.0006399788926542682
yhalf: 0.0003199894463271341
K0.5: 735.9411659233592
n: 6.481425281615423e-09
r**2: -0.2380101080573307
popt: [  6.39978893e-04   6.48142528e-09   7.35941166e+02]
pcov: [[  3.94830335e-07  -1.91844536e-04   2.54137525e+07]
 [ -1.91844536e-04   5.12685524e-01  -3.88089927e+10]
 [  2.54137525e+07  -3.88089927e+10   4.03939556e+21]]
rsq: [-0.2380101080573307, 1.2921720301073759e-06, 1.0437491759538502e-06]
**************************

Res#:  3S
xdata: [0, 125, 250, 500, 1000, 2000, 4000]
ydata: [0.0, -0.00071830549834395185, -0.00063223151488678297, -0.0013630064333813863, -0.00081850909108283076, 7.033060759908949e-05, -0.00038893224899361201]
ymax: 0.00029716650994244707
yhalf: 0.00014858325497122353
K0.5: 32914.13549013143
n: 39.366176626817456
r**2: -1.4298593673706854
popt: [  2.97166510e-04   3.93661766e+01   3.29141355e+04]
pcov: [[ inf  inf  inf]
 [ inf  inf  inf]
 [ inf  inf  inf]]
rsq: [-1.4298593673706854, 3.599637835663965e-06, 1.4814181775297883e-06]
**************************

Res#:  4L
xdata: [0, 125, 250, 500, 1000, 2000, 4000]
ydata: [0.0, 0.00013939211635705107, 0.00011853585591303784, 0.0004389260080124302, 0.00058076473103163551, -0.00039765624551435508, 0.00031157620208155379]
ymax: 0.00041232178195489276
yhalf: 0.00020616089097744638
K0.5: 460.9165756051764
n: 1.1131629503891907e-08
r**2: 0.05433479386076967
popt: [  4.12321782e-04   1.11316295e-08   4.60916576e+02]
pcov: [[  1.65668927e-07  -1.07528540e-04   1.27209422e+07]
 [ -1.07528540e-04   2.35014298e-01  -1.16772108e+10]
 [  1.27209422e+07  -1.16772108e+10   3.38454842e+21]]
rsq: [0.05433479386076967, 5.823513753410699e-07, 6.158113585658668e-07]
**************************

Res#:  5S
xdata: [0, 125, 250, 500, 1000, 2000, 4000]
ydata: [0.0, 0.00032059613077972671, 0.00050935575737476313, 0.0010236496277817864, 0.00034488272268173858, 0.00084804382202730011, 0.00014340462236273055]
ymax: 0.0010343873348402516
yhalf: 0.0005171936674201258
K0.5: 145.9623138706485
n: 1.6318119381328607e-07
r**2: 0.2956960857447176
popt: [  1.03438733e-03   1.63181194e-07   1.45962314e+02]
pcov: [[  7.66845093e-06  -9.59798446e-04   9.74580349e+06]
 [ -9.59798446e-04   3.19372184e-01  -1.00749949e+09]
 [  9.74580349e+06  -1.00749949e+09   1.28046536e+19]]
rsq: [0.2956960857447176, 5.740808052113759e-07, 8.151038118514478e-07]
**************************

Res#:  6S
xdata: [0, 125, 250, 500, 1000, 2000, 4000]
ydata: [0.0, -0.00020233895421650772, 0.00018350815934820019, -0.00037250752340511895, 0.00018506226897851974, 7.5404976938031609e-05, 0.0004442799324078095]
ymax: 0.035496070424336584
yhalf: 0.017748035212168292
K0.5: 29413.009899366625
n: 2.1903143735005366
r**2: 0.44147831509923063
popt: [  3.54960704e-02   2.19031437e+00   2.94130099e+04]
pcov: [[  2.48098859e+03  -9.55361526e+02   9.84860996e+08]
 [ -9.55361526e+02   3.79322767e+02  -3.79551415e+08]
 [  9.84860996e+08  -3.79551415e+08   3.90961856e+14]]
rsq: [0.44147831509923063, 2.438866510000064e-07, 4.366646051412254e-07]
**************************

Res#:  7A
xdata: [0, 125, 250, 500, 1000, 2000, 4000]
ydata: [0.0, 0.0014057947063301768, 0.00075276689995895651, 0.00066153045159378365, 0.00056130450376645769, 0.00092976043289727528, 0.0011666101494753889]
ymax: 0.00178529154380848
yhalf: 0.00089264577190424
K0.5: 207.84205850977938
n: 8.484286683232573e-08
r**2: 0.5767239484806344
popt: [  1.78529154e-03   8.48428668e-08   2.07842059e+02]
pcov: [[  4.44079132e-06  -6.67043786e-04   9.76881183e+06]
 [ -6.67043786e-04   1.45115819e-01  -1.35087897e+09]
 [  9.76881183e+06  -1.35087897e+09   2.24147238e+19]]
rsq: [0.5767239484806344, 5.225232419919026e-07, 1.2344739092048449e-06]
**************************

Res#:  8N
xdata: [0, 125, 250, 500, 1000, 2000, 4000]
ydata: [0.0, -0.00060089687530506808, 0.00025539774777172397, 0.00031334992082854285, -0.00098300550414620602, 0.00020100046770998858, -0.0010462678611826703]
ymax: 0.00011825682706934228
yhalf: 5.912841353467114e-05
K0.5: 929.303139477613
n: 2.6754173724375647e-07
r**2: -0.3450461788628767
popt: [  1.18256827e-04   2.67541737e-07   9.29303139e+02]
pcov: [[  1.61220965e-06  -6.13663386e-03   9.31850223e+07]
 [ -6.13663386e-03   1.61710891e+02  -6.35021871e+11]
 [  9.31850223e+07  -6.35021871e+11   7.78804954e+21]]
rsq: [-0.3450461788628767, 2.8668553251717428e-06, 2.1314177685671933e-06]
**************************

Res#:  9N
xdata: [0, 125, 250, 500, 1000, 2000, 4000]
ydata: [0.0, 0.00037668075503471954, -2.1251836190394613e-05, -0.0010344990513280194, -8.0503460564429474e-06, 0.00033125766141051116, 8.1724096061108753e-05]
!¡FIT FAILED TO FIND MINIMIZATION!¡
**************************

Res#:  10C
xdata: [0, 125, 250, 500, 1000, 2000, 4000]
ydata: [0.0, 0.00068234216354223776, 0.00053619124159443032, 0.00049772682431736825, -0.00068010911590832279, 8.4706853352045641e-05, -0.00015102129612198922]
ymax: 0.0005572119614085317
yhalf: 0.00027860598070426586
K0.5: 598.441229895865
n: 6.008592122337358e-08
r**2: -0.04392409412668408
popt: [  5.57211961e-04   6.00859212e-08   5.98441230e+02]
pcov: [[  8.96030193e-06  -1.04219074e-03   3.30369044e+08]
 [ -1.04219074e-03   1.48388920e+00  -3.84258882e+10]
 [  3.30369044e+08  -3.84258882e+10   1.25117461e+22]]
rsq: [-0.04392409412668408, 1.4186781619468837e-06, 1.3589859357865552e-06]
**************************

Res#:  11R
xdata: [0, 125, 250, 500, 1000, 2000, 4000]
ydata: [0.0, -0.00013359917211630545, -0.00069092927066627396, 5.659715533390397e-05, -0.0006250457644672025, 0.00016246137226616497, 0.00023938426677716507]
ymax: 0.00023938426854070493
yhalf: 0.00011969213427035246
K0.5: 1956.4170070351702
n: 33.931606428344764
r**2: -0.06803271215560369
popt: [  2.39384269e-04   3.39316064e+01   1.95641701e+03]
pcov: [[  2.22279365e-07   3.95458020e-02   2.18803061e-01]
 [  4.64198826e-02   9.67432197e+20   1.24718886e+21]
 [  2.53569641e-01   1.24718886e+21   1.60784401e+21]]
rsq: [-0.06803271215560369, 8.891174415669541e-07, 8.324814693853842e-07]
**************************

Res#:  12R
xdata: [0, 125, 250, 500, 1000, 2000, 4000]
ydata: [0.0, 0.00065039985422643554, 0.0002380433584310282, 0.0003274573603029296, -0.00055224888606097977, -1.2468653141084474e-05, 0.00015805177701722073]
ymax: 0.0005059671822318285
yhalf: 0.0002529835911159143
K0.5: 655.4188054169774
n: 7.507948760547257e-09
r**2: -0.08270975243727419
popt: [  5.05967182e-04   7.50794876e-09   6.55418805e+02]
pcov: [[ inf  inf  inf]
 [ inf  inf  inf]
 [ inf  inf  inf]]
rsq: [-0.08270975243727419, 8.915855274404065e-07, 8.234760289480811e-07]
**************************

Res#:  13C
xdata: [0, 125, 250, 500, 1000, 2000, 4000]
ydata: [0.0, -0.00084577653244100048, -9.5488447357183759e-05, -2.8900157869493626e-05, -0.00064554041664255379, -0.00059197428450108447, -0.0005093470345807205]
!¡FIT FAILED TO FIND MINIMIZATION!¡
**************************

Res#:  14E
xdata: [0, 125, 250, 500, 1000, 2000, 4000]
ydata: [0.0, -0.00067570243395209673, -0.0014716187970247319, -0.00033941041197937949, -0.0003969337886964297, -0.00090795910142826841, -0.0013994096474183593]
!¡FIT FAILED TO FIND MINIMIZATION!¡
**************************

Res#:  15T
xdata: [0, 125, 250, 500, 1000, 2000, 4000]
ydata: [0.0, -0.00058497016876213337, -0.00077160493378602979, -0.00044655022887241103, -0.0007490013272706264, -0.00082025294629772816, -7.4896562253456977e-05]
ymax: -0.0011490746742877623
yhalf: -0.0005745373371438811
K0.5: 499.99926770016884
n: 4.4810284574842714e-05
r**2: 0.4168501113565328
popt: [ -1.14907467e-03   4.48102846e-05   4.99999268e+02]
pcov: [[  9.71473201e-01   1.16758677e-01  -1.88617300e+10]
 [  1.16758677e-01   1.56630923e-01  -2.26638840e+09]
 [ -1.88617300e+10  -2.26638840e+09   3.66211732e+20]]
rsq: [0.4168501113565328, 3.957986859822282e-07, 6.787254764001441e-07]
**************************

Res#:  16M
xdata: [0, 125, 250, 500, 1000, 2000, 4000]
ydata: [0.0, 0.00061202294024909065, 0.00083641501253062245, 0.00092822304629258667, 0.00090782636438113684, 0.00027736557459334676, 0.00088575161439941041]
ymax: 0.0007427280649326652
yhalf: 0.0003713640324663326
K0.5: 5.823832066057115e-28
n: 0.1706818824337938
r**2: 0.5920304675040206
popt: [  7.42728065e-04   1.70681882e-01   5.82383207e-28]
pcov: [[  2.32029359e-05  -6.56133663e+02  -1.55984316e-22]
 [ -6.56133663e+02   1.88336348e+10   4.48373266e-15]
 [ -1.55984316e-22   4.48373266e-15   1.06759309e-39]]
rsq: [0.5920304675040206, 3.245449515701011e-07, 7.95512717786835e-07]
**************************

Res#:  17M
xdata: [0, 125, 250, 500, 1000, 2000, 4000]
ydata: [0.0, -4.0174569413409245e-06, -0.0010245643554718242, -0.0010072480740426215, -0.00019386275529598151, -0.00074516814167324696, -0.00046295530966666831]
!¡FIT FAILED TO FIND MINIMIZATION!¡
**************************

Res#:  18E
xdata: [0, 125, 250, 500, 1000, 2000, 4000]
ydata: [0.0, 0.0014977629402572745, 0.00081071672043364629, 0.0014135778266002319, 0.00016165970838244448, -2.4298024641211668e-06, 0.0010148869547599304]
ymax: 0.0014380055164056997
yhalf: 0.0007190027582028498
K0.5: 448.0305318120895
n: 2.3829020775337975e-08
r**2: 0.20325673800303723
popt: [  1.43800552e-03   2.38290208e-08   4.48030532e+02]
pcov: [[  1.55643749e-06   4.12645707e-04   3.33159885e+07]
 [  4.12645707e-04   6.75714714e-01   1.27047111e+10]
 [  3.33159885e+07   1.27047111e+10   9.13336168e+20]]
rsq: [0.20325673800303723, 2.0159571019103647e-06, 2.5302468160917433e-06]
**************************

Res#:  20F
xdata: [0, 125, 250, 500, 1000, 2000, 4000]
ydata: [0.0, -0.00015844148272847747, 0.00068710450317155392, 0.00020853538353726719, -0.00048746963391721465, -0.00015774631184406473, 0.00030322420905548597]
ymax: 0.00034671771027326796
yhalf: 0.00017335885513663398
K0.5: 787.8243200351931
n: 1.6691244618443558e-07
r**2: -0.07516470987762158
popt: [  3.46717710e-04   1.66912446e-07   7.87824320e+02]
pcov: [[  1.32323888e-05  -1.15947054e-03   3.15446409e+08]
 [ -1.15947054e-03   3.30423640e+00  -3.02237479e+10]
 [  3.15446409e+08  -3.02237479e+10   7.61144955e+21]]
rsq: [-0.07516470987762158, 9.384533841587322e-07, 8.72846156069938e-07]
**************************

Res#:  21S
xdata: [0, 125, 250, 500, 1000, 2000, 4000]
ydata: [0.0, 0.00075839324682824838, 0.00049900687054726944, 0.00025499685946694939, 0.00023877183114429101, 2.4045180885501338e-05, 0.0004473907203159655]
ymax: 0.0006973636880793035
yhalf: 0.00034868184403965175
K0.5: 506.5961782647946
n: 2.5818226048009864e-07
r**2: 0.2601349179729405
popt: [  6.97363688e-04   2.58182260e-07   5.06596178e+02]
pcov: [[  8.16207486e-06  -6.50478044e-04   4.29979976e+07]
 [ -6.50478044e-04   3.49281508e-01  -3.25541349e+09]
 [  4.29979976e+07  -3.25541349e+09   2.28161611e+20]]
rsq: [0.2601349179729405, 3.264506293184655e-07, 4.41229944821921e-07]
**************************

Res#:  22L
xdata: [0, 125, 250, 500, 1000, 2000, 4000]
ydata: [0.0, -0.0010114670713292639, -0.0010628979139504224, -0.00020549882788412077, 0.00020777832216101189, -0.000757239183745817, 0.00011746555350011789]
ymax: 0.00037379326653638924
yhalf: 0.00018689663326819462
K0.5: 4130.999757257058
n: 24.21145132927139
r**2: -0.5841675847942123
popt: [  3.73793267e-04   2.42114513e+01   4.13099976e+03]
pcov: [[ -3.81747100e+10   2.50913947e+13  -2.60336149e+16]
 [  2.50560209e+13  -5.11123046e+15   1.70232349e+19]
 [ -2.60334156e+16   1.70472274e+19  -1.77533808e+22]]
rsq: [-0.5841675847942123, 2.8116304061005605e-06, 1.7748314213018056e-06]
**************************

Res#:  23N
xdata: [0, 125, 250, 500, 1000, 2000, 4000]
ydata: [0.0, -0.00091388578782058971, -0.00015799671860783349, -0.0010851117526602394, -0.0010769549806965983, -2.7670681660652008e-05, -0.0010372669655662747]
ymax: -0.0014268362144480096
yhalf: -0.0007134181072240048
K0.5: 502.417910112625
n: 0.02513533724020986
r**2: 0.26968565169808045
popt: [ -1.42683621e-03   2.51353372e-02   5.02417910e+02]
pcov: [[  5.44900548e+00   9.69694594e+01  -1.51555495e+08]
 [  9.69694594e+01   1.72592908e+03  -2.69705068e+09]
 [ -1.51555495e+08  -2.69705068e+09   4.21527728e+15]]
rsq: [0.26968565169808045, 1.1933898481753963e-06, 1.634076957340617e-06]
**************************

Res#:  24F
xdata: [0, 125, 250, 500, 1000, 2000, 4000]
ydata: [0.0, 0.00060847204506941921, 0.00084978814436453831, 0.00017193886408861658, 0.00068302265355235647, 0.0012246564237496926, 1.0854682546579397e-05]
ymax: 0.0011126337813160538
yhalf: 0.0005563168906580269
K0.5: 413.63541874710137
n: 1.718079340814615e-08
r**2: 0.22682018391682568
popt: [  1.11263378e-03   1.71807934e-08   4.13635419e+02]
pcov: [[  2.13611381e-07  -8.40671254e-05   2.02395430e+06]
 [ -8.40671254e-05   4.96271410e-01   2.15063280e+10]
 [  2.02395430e+06   2.15063280e+10   1.89850698e+21]]
rsq: [0.22682018391682568, 9.968531099141482e-07, 1.2892901355910621e-06]
**************************

Res#:  25Q
xdata: [0, 125, 250, 500, 1000, 2000, 4000]
ydata: [0.0, 0.0012336471796494664, 0.00022452384146376403, 0.00029215480175892594, 0.00034884675292090606, 0.00076464301019640857, 0.00020691825081087245]
ymax: 0.0010543023276068557
yhalf: 0.0005271511638034279
K0.5: 568.5541458399146
n: 1.1420498410756141e-07
r**2: 0.21050919848741512
popt: [  1.05430233e-03   1.14204984e-07   5.68554146e+02]
pcov: [[  8.00500544e-06  -6.73057982e-04   7.54321588e+07]
 [ -6.73057982e-04   3.86504341e-01  -5.77248555e+09]
 [  7.54321588e+07  -5.77248555e+09   7.24823658e+20]]
rsq: [0.21050919848741512, 8.366872387455599e-07, 1.0597808576649043e-06]
**************************

Res#:  26M
xdata: [0, 125, 250, 500, 1000, 2000, 4000]
ydata: [0.0, -0.0011382965039334891, 5.4867724413654173e-05, -0.00087118486613491086, -0.0011084570931121362, -0.00030518178808058849, -0.00034152925886843377]
ymax: -0.00011866018064664153
yhalf: -5.9330090323320766e-05
K0.5: 27741.274062184253
n: 7.28386376554001e-08
r**2: -1.0110495484243778
popt: [ -1.18660181e-04   7.28386377e-08   2.77412741e+04]
pcov: [[  2.43781631e-06  -6.83330144e-03  -5.12243437e+09]
 [ -6.83330144e-03   3.14890531e+01   4.96258205e+12]
 [ -5.12243437e+09   4.96258205e+12   3.78008949e+25]]
rsq: [-1.0110495484243778, 3.077064792773395e-06, 1.5300790550805782e-06]
**************************

Res#:  27T
xdata: [0, 125, 250, 500, 1000, 2000, 4000]
ydata: [0.0, -0.00085576532892872592, -0.00077788972477499385, -0.0011160111737282818, -0.00067830022234183218, -0.00066022983572722183, -0.0010590349687298328]
!¡FIT FAILED TO FIND MINIMIZATION!¡
**************************

Res#:  28L
xdata: [0, 125, 250, 500, 1000, 2000, 4000]
ydata: [0.0, -0.00055395396359703142, -0.001030346203268806, -0.00072925382052080323, 0.00016530470431330713, -0.00055355793184386215, -0.00097159463256346612]
ymax: -0.0009715946326013601
yhalf: -0.00048579731630068004
K0.5: 1984.4005352868244
n: 35.855293688788805
r**2: -0.5416723757957325
popt: [ -9.71594633e-04   3.58552937e+01   1.98440054e+03]
pcov: [[  4.51393241e-05  -1.10033966e+08  -4.76849969e+07]
 [ -1.10033966e+08   2.71118965e+20   1.17493784e+20]
 [ -4.76849969e+07   1.17493784e+20   5.09178297e+19]]
rsq: [-0.5416723757957325, 1.9276150724813455e-06, 1.2503402815960876e-06]
**************************

Res#:  29D
xdata: [0, 125, 250, 500, 1000, 2000, 4000]
ydata: [0.0, -0.00079926873293878486, -0.0011229462099109355, 5.3134487450812173e-05, -0.00025162186691662924, -0.00067336989513044898, -0.00045710615513439024]
ymax: -0.0005183724496251646
yhalf: -0.0002591862248125823
K0.5: 10804.208623912338
n: 24.5816498799233
r**2: -1.35025340762627
popt: [ -5.18372450e-04   2.45816499e+01   1.08042086e+04]
pcov: [[ inf  inf  inf]
 [ inf  inf  inf]
 [ inf  inf  inf]]
rsq: [-1.35025340762627, 2.628348588192221e-06, 1.1183256152990005e-06]
**************************

Res#:  30M
xdata: [0, 125, 250, 500, 1000, 2000, 4000]
ydata: [0.0, 0.00099286321134250954, 0.00049431389221155086, 0.0012165267378350109, 0.0003380529365379914, -3.742767319891982e-05, 0.00083495480520312526]
ymax: 0.0011592977090701664
yhalf: 0.0005796488545350832
K0.5: 439.0785078965968
n: 7.142527853976954e-09
r**2: 0.232286420899522
popt: [  1.15929771e-03   7.14252785e-09   4.39078508e+02]
pcov: [[ inf  inf  inf]
 [ inf  inf  inf]
 [ inf  inf  inf]]
rsq: [0.232286420899522, 1.0879747597921266e-06, 1.4171623238277161e-06]
**************************

Res#:  31V
xdata: [0, 125, 250, 500, 1000, 2000, 4000]
ydata: [0.0, -0.00064987928344795165, -0.00071903241909332394, 0.00038452922780329857, 0.0004805660489539676, 0.00062953689269384938, -0.00028465742798555738]
!¡FIT FAILED TO FIND MINIMIZATION!¡
**************************

Res#:  32C
xdata: [0, 125, 250, 500, 1000, 2000, 4000]
ydata: [0.0, 0.00039280333304070325, -0.00068382859998550316, -0.00049732873191921101, -0.00013450975163831203, -0.00020966612490180836, 6.795934048309249e-05]
ymax: -0.0002441928875676332
yhalf: -0.0001220964437838166
K0.5: 1859.7193790000074
n: 9.985529530308917e-08
r**2: 0.011128642270796685
popt: [ -2.44192888e-04   9.98552953e-08   1.85971938e+03]
pcov: [[  2.85667436e-06  -5.90272489e-04  -3.88132334e+08]
 [ -5.90272489e-04   6.94364554e+00  -3.69485802e+10]
 [ -3.88132334e+08  -3.69485802e+10   5.73443950e+22]]
rsq: [0.011128642270796685, 7.654078105352867e-07, 7.740216202569892e-07]
**************************

Res#:  33T
xdata: [0, 125, 250, 500, 1000, 2000, 4000]
ydata: [0.0, 0.00032318078821091945, -0.0007758438392997391, -0.00086624818106173507, 0.00019922068723232655, -0.00064272683927768526, -1.3938863416385061e-05]
ymax: -0.00034102942369384175
yhalf: -0.00017051471184692087
K0.5: 1313.9555561873085
n: 1.5378733208824592e-07
r**2: -0.013323946117801855
popt: [ -3.41029424e-04   1.53787332e-07   1.31395556e+03]
pcov: [[  4.32680922e-05   1.41208663e-02  -2.13587083e+09]
 [  1.41208663e-02   1.03521522e+01  -7.26993174e+11]
 [ -2.13587083e+09  -7.26993174e+11   1.06155959e+23]]
rsq: [-0.013323946117801855, 1.4784082246753132e-06, 1.4589690003274076e-06]
**************************

Res#:  34I
xdata: [0, 125, 250, 500, 1000, 2000, 4000]
ydata: [0.0, -0.00036531738175504813, -0.00084117628629609698, -0.00034496754532575835, 0.00059826214128300137, -4.1568914295631032e-05, 0.00028914254412359952]
!¡FIT FAILED TO FIND MINIMIZATION!¡
**************************

Res#:  35W
xdata: [0, 125, 250, 500, 1000, 2000, 4000]
ydata: [0.0, -0.00059102113846165594, -0.00077549178272651176, -0.00035855362806902491, -0.00070297220971760055, -0.0011271148436939882, -0.00075518686139997016]
!¡FIT FAILED TO FIND MINIMIZATION!¡
**************************

Res#:  36L
xdata: [0, 125, 250, 500, 1000, 2000, 4000]
ydata: [0.0, -0.0001967088170324871, 0.00035921429375207481, 8.0836501973990948e-05, 0.00022329372213647503, 0.0009629910770776462, 0.00053590485290300194]
ymax: 0.0007494479661091267
yhalf: 0.00037472398305456335
K0.5: 1031.6035194540245
n: 27.544337871703412
r**2: 0.7006373234554473
popt: [  7.49447966e-04   2.75443379e+01   1.03160352e+03]
pcov: [[  6.43057801e-08  -8.25056851e+03   9.80418994e+03]
 [ -8.25056851e+03   2.18721440e+15  -2.59907668e+15]
 [  9.80418994e+03  -2.59907668e+15   3.08849447e+15]]
rsq: [0.7006373234554473, 2.6546513277534657e-07, 8.867676352961742e-07]
**************************

Res#:  37C
xdata: [0, 125, 250, 500, 1000, 2000, 4000]
ydata: [0.0, -0.00012132246765084176, 0.00098063792721525544, 0.00045149023491042328, 0.00035191083522967403, -0.00019829848220354052, 0.00080613345715363494]
!¡FIT FAILED TO FIND MINIMIZATION!¡
**************************

Res#:  38N
xdata: [0, 125, 250, 500, 1000, 2000, 4000]
ydata: [0.0, 0.0001260203231847612, 0.0012602035614452944, 0.0011107566833068461, 0.0012588500527606072, 0.0012128472152426184, 0.0010821063027499633]
ymax: 0.0011849527634979194
yhalf: 0.0005924763817489597
K0.5: 133.72406636322123
n: 31.55084569028748
r**2: 0.9847427408947917
popt: [  1.18495276e-03   3.15508457e+01   1.33724066e+02]
pcov: [[  1.74950766e-09  -8.35263529e+02   2.39497655e+02]
 [ -8.35263529e+02   1.99159139e+15  -5.71055049e+14]
 [  2.39497655e+02  -5.71055049e+14   1.63740349e+14]]
rsq: [0.9847427408947917, 2.7984045670868218e-08, 1.834146321950805e-06]
**************************

Res#:  39S
xdata: [0, 125, 250, 500, 1000, 2000, 4000]
ydata: [0.0, -0.00025233737406704648, -0.0007864815040088402, -0.00046277282516982154, 0.00027427680959402068, -0.00083810678175577635, -0.0011945013421268413]
!¡FIT FAILED TO FIND MINIMIZATION!¡
**************************

Res#:  40F
xdata: [0, 125, 250, 500, 1000, 2000, 4000]
ydata: [0.0, 0.00022201941452149043, 6.7032422384372126e-05, 0.0013806029121923302, -3.0404833197827941e-05, 0.00063951129688888386, 0.00011358352004897654]
ymax: 0.0007808017730750488
yhalf: 0.0003904008865375244
K0.5: 374.9099545908906
n: 1.7944609882198498e-07
r**2: 0.08680556221818103
popt: [  7.80801773e-04   1.79446099e-07   3.74909955e+02]
pcov: [[  6.28089276e-05  -2.49590399e-03   3.54853142e+08]
 [ -2.49590399e-03   1.32854488e+00  -1.24906189e+10]
 [  3.54853142e+08  -1.24906189e+10   2.01470818e+21]]
rsq: [0.08680556221818103, 1.4291808435391124e-06, 1.5650345473091606e-06]
**************************

Res#:  41D
xdata: [0, 125, 250, 500, 1000, 2000, 4000]
ydata: [0.0, -0.0004496302014684872, 0.00060673440821013003, 0.00089924798237372983, 0.00033549759073281393, 1.0095595427195292e-05, 0.00035813779778859356]
!¡FIT FAILED TO FIND MINIMIZATION!¡
**************************

Res#:  42L
xdata: [0, 125, 250, 500, 1000, 2000, 4000]
ydata: [0.0, 6.0555421264929521e-05, 0.0005424408084513388, 0.00091581607946888965, 0.00056712009119674889, 0.00024301730485376538, 0.00021664667461429588]
ymax: 0.0008210507476166904
yhalf: 0.0004105253738083452
K0.5: 381.3353614574247
n: 3.144497425603353e-07
r**2: 0.23985697614294577
popt: [  8.21050748e-04   3.14449743e-07   3.81335361e+02]
pcov: [[  2.71679622e-05  -1.86304980e-03   6.53525607e+07]
 [ -1.86304980e-03   4.56930586e-01  -4.28438125e+09]
 [  6.53525607e+07  -4.28438125e+09   1.57810001e+20]]
rsq: [0.23985697614294577, 4.853691697866299e-07, 6.385234811783316e-07]
**************************

Res#:  43W
xdata: [0, 125, 250, 500, 1000, 2000, 4000]
ydata: [0.0, -0.00054461529292915145, -0.00063075445749483094, -0.00076384861599265719, -0.00059550427648069615, -0.00073898270298489166, -0.00054865241387780372]
!¡FIT FAILED TO FIND MINIMIZATION!¡
**************************

Res#:  44E
xdata: [0, 125, 250, 500, 1000, 2000, 4000]
ydata: [0.0, 0.0011186358007737596, 0.00059237245146270823, 0.00044071511582011169, 0.00078607368382321852, 0.0009575263440986248, 0.0004209017743903587]
ymax: 0.0014387417233074052
yhalf: 0.0007193708616537026
K0.5: 187.48483451507445
n: 1.7668569714119888e-10
r**2: 0.5236865869150686
popt: [  1.43874172e-03   1.76685697e-10   1.87484835e+02]
pcov: [[ inf  inf  inf]
 [ inf  inf  inf]
 [ inf  inf  inf]]
rsq: [0.5236865869150686, 4.034412089336315e-07, 8.470078688749711e-07]
**************************

Res#:  45I
xdata: [0, 125, 250, 500, 1000, 2000, 4000]
ydata: [0.0, -0.00063731888814100301, -0.00068361785691983812, -0.0010237558168810779, -0.00086824670995966358, -0.00021236898913024049, -0.0008321342710706503]
ymax: -0.0014191425070654278
yhalf: -0.0007095712535327139
K0.5: 499.99936472368273
n: 1.588030482062165e-05
r**2: 0.5240090114076128
popt: [ -1.41914251e-03   1.58803048e-05   4.99999365e+02]
pcov: [[  2.11724516e-02   6.62853759e-03  -9.39418025e+08]
 [  6.62853759e-03   9.45928638e-02  -2.93097874e+08]
 [ -9.39418025e+08  -2.93097874e+08   4.16819554e+19]]
rsq: [0.5240090114076128, 3.920179329751134e-07, 8.235826777611882e-07]
**************************

Res#:  46W
xdata: [0, 125, 250, 500, 1000, 2000, 4000]
ydata: [0.0, 8.1325397637499464e-05, 0.0012670998246058218, 0.00033451195150746571, 0.00036825613030799786, 0.00093848768341597832, 0.0010943610153697492]
!¡FIT FAILED TO FIND MINIMIZATION!¡
**************************

Res#:  47S
xdata: [0, 125, 250, 500, 1000, 2000, 4000]
ydata: [0.0, 0.0010838809261617399, 0.0012411934616789466, 0.00067649076246567574, 0.0010539796574065008, 0.0011953903519703601, 0.00048115658837133424]
!¡FIT FAILED TO FIND MINIMIZATION!¡
**************************

Res#:  48L
xdata: [0, 125, 250, 500, 1000, 2000, 4000]
ydata: [0.0, 6.2648683027077823e-05, 0.00053491813338624183, -0.00035807147701305553, 0.00079927814224056704, -4.0696007641116694e-05, -0.00032305838220203498]
ymax: 0.0002446542429097527
yhalf: 0.00012232712145487636
K0.5: 403.3351928975805
n: 4.014818005227066e-07
r**2: 0.009352668677058196
popt: [  2.44654243e-04   4.01481801e-07   4.03335193e+02]
pcov: [[  1.10740745e+09  -2.24369883e+06   7.67349835e+21]
 [ -2.24369883e+06   4.55487440e+03  -1.55471405e+19]
 [  7.67349835e+21  -1.55471405e+19   5.31715557e+34]]
rsq: [0.009352668677058196, 1.0877831887244929e-06, 1.0980529138173045e-06]
**************************

Res#:  49H
xdata: [0, 125, 250, 500, 1000, 2000, 4000]
ydata: [0.0, -0.00029038116060320363, 0.00011464981282216513, -0.00020801129573122523, -0.00076432596597264535, -0.00016737312525094694, -0.0012169802523285256]
ymax: 5.929675241496142e-05
yhalf: 2.964837620748071e-05
K0.5: 806.3505477709713
n: 2.7530650789173468e-08
r**2: -0.8131660343393803
popt: [  5.92967524e-05   2.75306508e-08   8.06350548e+02]
pcov: [[  5.97355362e-07   5.83267425e-03   1.32402591e+08]
 [  5.83267425e-03   1.19597503e+03  -3.87840229e+12]
 [  1.32402591e+08  -3.87840229e+12   1.46733840e+23]]
rsq: [-0.8131660343393803, 2.3894219353034733e-06, 1.3178175026723625e-06]
**************************

Res#:  50G
xdata: [0, 125, 250, 500, 1000, 2000, 4000]
ydata: [0.0, 0.00089613110211761438, 0.00074802445347366131, 0.00014857224259667845, -0.0003153507729827254, 0.00081035707099896825, -3.2051752005379797e-05]
ymax: 0.0007816204808585925
yhalf: 0.00039081024042929627
K0.5: 548.9292423942024
n: 2.57780339185514e-08
r**2: 0.08468157239525564
popt: [  7.81620481e-04   2.57780339e-08   5.48929242e+02]
pcov: [[  5.47740865e-07  -2.08568573e-04   1.71861098e+07]
 [ -2.08568573e-04   5.54204114e-01  -1.18014760e+10]
 [  1.71861098e+07  -1.18014760e+10   8.92318461e+20]]
rsq: [0.08468157239525564, 1.2951256168003526e-06, 1.4149454198027112e-06]
**************************

Res#:  51I
xdata: [0, 125, 250, 500, 1000, 2000, 4000]
ydata: [0.0, 0.001299010345075402, 0.0013937473491614227, -4.9637427870230511e-05, 0.00098279374114529361, 0.0014607615862951562, 0.00065807104418880158]
ymax: 0.0018020603786673246
yhalf: 0.0009010301893336623
K0.5: 211.32971720820134
n: 3.067636340620445e-08
r**2: 0.31284575667778003
popt: [  1.80206038e-03   3.06763634e-08   2.11329717e+02]
pcov: [[  1.43593758e-05  -3.21217806e-04   5.70616197e+07]
 [ -3.21217806e-04   3.15987778e-01  -1.93941011e+03]
 [  5.70616197e+07  -1.93941012e+03   2.36764435e+20]]
rsq: [0.31284575667778003, 1.6839409912927585e-06, 2.4506011680162557e-06]
**************************

Res#:  52I
xdata: [0, 125, 250, 500, 1000, 2000, 4000]
ydata: [0.0, 0.00090756397323499272, 0.00037611471623133497, 0.0013057542975722924, 0.0011341018616821685, 0.00095575603063391412, 0.00015628631210251598]
!¡FIT FAILED TO FIND MINIMIZATION!¡
**************************

Res#:  53H
xdata: [0, 125, 250, 500, 1000, 2000, 4000]
ydata: [0.0, 0.00025579696723720957, 0.00052669215501666145, 0.00054485808039128614, 0.00010206239584764631, 7.5999497561873852e-05, 0.00023322512549661667]
ymax: 0.0005057407321759178
yhalf: 0.0002528703660879589
K0.5: 390.8074524668565
n: 1.3686864066470346e-09
r**2: 0.229126206908998
popt: [  5.05740732e-04   1.36868641e-09   3.90807452e+02]
pcov: [[ inf  inf  inf]
 [ inf  inf  inf]
 [ inf  inf  inf]]
rsq: [0.229126206908998, 2.146560460729411e-07, 2.784580926175043e-07]
**************************

Res#:  54L
xdata: [0, 125, 250, 500, 1000, 2000, 4000]
ydata: [0.0, 0.00040312502518702331, -0.0004060452133138881, 0.00059770500087541478, -0.00044270755674347129, 0.00063343495321888099, 0.00063998539181842062]
ymax: 0.000639985391866913
yhalf: 0.0003199926959334565
K0.5: 1795.2264835075832
n: 42.321410864858954
r**2: 0.3715006389895672
popt: [  6.39985392e-04   4.23214109e+01   1.79522648e+03]
pcov: [[  1.72385836e-03  -1.00929977e+10  -4.56192288e+10]
 [ -1.00929977e+10   5.91009199e+22   2.67129594e+23]
 [ -4.56192288e+10   2.67129594e+23   1.20739610e+24]]
rsq: [0.3715006389895672, 8.806237500687253e-07, 1.4011529759599986e-06]
**************************

Res#:  55C
xdata: [0, 125, 250, 500, 1000, 2000, 4000]
ydata: [0.0, -0.0010386198128706781, -0.00123922208918259, -0.0010271364428096064, -4.4489713127759956e-05, -0.00011813041142261227, 2.2967540775908901e-06]
ymax: -1.25993121771186e-05
yhalf: -6.2996560885593e-06
K0.5: 19958.393379579964
n: 26.21888589234674
r**2: -0.870853004903398
popt: [ -1.25993122e-05   2.62188859e+01   1.99583934e+04]
pcov: [[ inf  inf  inf]
 [ inf  inf  inf]
 [ inf  inf  inf]]
rsq: [-0.870853004903398, 3.6853511779095157e-06, 1.9698774667226247e-06]
**************************

Res#:  56S
xdata: [0, 125, 250, 500, 1000, 2000, 4000]
ydata: [0.0, 0.00098070709754871643, 0.00025831088560401838, -0.00015343386229993428, 0.00015485444445317853, -0.0001639778998079322, 0.00063212954071367733]
ymax: 0.0007571448837395186
yhalf: 0.0003785724418697593
K0.5: 679.603994810116
n: 1.97254155599059e-08
r**2: 0.01539213904341552
popt: [  7.57144884e-04   1.97254156e-08   6.79603995e+02]
pcov: [[  2.67190381e-07  -8.35312982e-12   2.49566668e+07]
 [ -8.35312983e-12   6.28409580e-01   1.08253646e+10]
 [  2.49566668e+07   1.08253646e+10   7.17964646e+21]]
rsq: [0.01539213904341552, 1.0687615183164168e-06, 1.0854692113447823e-06]
**************************

Res#:  57R
xdata: [0, 125, 250, 500, 1000, 2000, 4000]
ydata: [0.0, 0.00021696944425819709, 0.00088866645889318363, 0.0007930945993557259, 0.00052986516361741565, 0.0002143287060309973, 0.00058364659089527038]
ymax: 0.0010574658098769722
yhalf: 0.0005287329049384861
K0.5: 127.6300988601869
n: 2.9238707515578674e-07
r**2: 0.3830166551076507
popt: [  1.05746581e-03   2.92387075e-07   1.27630099e+02]
pcov: [[  1.54923993e-04  -7.58633909e-03   1.05156282e+08]
 [ -7.58633909e-03   5.26096036e-01  -5.05036343e+09]
 [  1.05156282e+08  -5.05036343e+09   7.14727865e+19]]
rsq: [0.3830166551076507, 3.985025292839425e-07, 6.458886331096553e-07]
**************************

Res#:  58I
xdata: [0, 125, 250, 500, 1000, 2000, 4000]
ydata: [0.0, 0.00056771575109415551, 0.00021510133190272285, -0.00028921516462165897, -0.00098665330987923738, -0.00087312473145750857, -0.0004762776642257549]
ymax: 0.0003781987570386553
yhalf: 0.00018909937851932764
K0.5: 747.867823926706
n: 8.64168026852436e-08
r**2: -0.7235011702498244
popt: [  3.78198757e-04   8.64168027e-08   7.47867824e+02]
pcov: [[  2.45872537e-06   2.89507812e-04   8.62535735e+07]
 [  2.89507812e-04   1.20065654e+01  -1.75617889e+10]
 [  8.62535735e+07  -1.75617889e+10   3.98533187e+21]]
rsq: [-0.7235011702498244, 3.326252363722448e-06, 1.929939138503922e-06]
**************************

Res#:  59R
xdata: [0, 125, 250, 500, 1000, 2000, 4000]
ydata: [0.0, 0.00038878367779027201, 0.00010252160289780932, 0.00065348977896029226, 0.0012186355716359287, 0.00099858446873213325, 0.001252870247927973]
ymax: 0.001181856663728165
yhalf: 0.0005909283318640826
K0.5: 452.6379061991916
n: 3.1543921900547995
r**2: 0.8806218374607029
popt: [  1.18185666e-03   3.15439219e+00   4.52637906e+02]
pcov: [[  2.37540537e-08  -1.48727642e-04   8.08976524e-03]
 [ -1.48727642e-04   4.72937788e+00  -3.90552861e+01]
 [  8.08976524e-03  -3.90552861e+01   1.17920956e+04]]
rsq: [0.8806218374607029, 1.9078867255446039e-07, 1.5981873777932898e-06]
**************************

Res#:  60M
xdata: [0, 125, 250, 500, 1000, 2000, 4000]
ydata: [0.0, -0.00048652088966960605, -0.0014357369082222959, -0.00076126603728710052, -0.00017178076734225556, -0.0013880108469770391, -0.00056736706545734705]
ymax: -0.001603557592310231
yhalf: -0.0008017787961551155
K0.5: 499.99940218851594
n: 9.852447004296045e-06
r**2: 0.2979325724428066
popt: [ -1.60355759e-03   9.85244700e-06   4.99999402e+02]
pcov: [[  1.21524978e-01  -5.67390815e-02  -7.69788301e+09]
 [ -5.67390815e-02   2.67060151e-01   3.59831240e+09]
 [ -7.69788301e+09   3.59831240e+09   4.87615946e+20]]
rsq: [0.2979325724428066, 1.2984470115789588e-06, 1.8494619756065832e-06]
**************************

Res#:  61Y
xdata: [0, 125, 250, 500, 1000, 2000, 4000]
ydata: [0.0, 0.00060066169817574178, 0.00054999081669659944, -0.00064843932183400455, -0.00043450135379163868, -0.00056961873535232854, 1.0951349089793894e-06]
ymax: 0.00044190725518364506
yhalf: 0.00022095362759182253
K0.5: 758.793660419934
n: 1.0831188271178409e-07
r**2: -0.352338465204713
popt: [  4.41907255e-04   1.08311883e-07   7.58793660e+02]
pcov: [[  9.22216307e-06   1.59681075e-03   2.54775055e+08]
 [  1.59681075e-03   6.06071309e+00   3.36364137e+10]
 [  2.54775055e+08   3.36364137e+10   7.34362318e+21]]
rsq: [-0.352338465204713, 2.111251489533073e-06, 1.5611857119019964e-06]
**************************

Res#:  62T
xdata: [0, 125, 250, 500, 1000, 2000, 4000]
ydata: [0.0, 0.00064437317238930092, 0.00049852966699504009, 0.00044045793565761215, -0.00028532730765551406, -0.00016947708130565786, 0.00011705267668293828]
ymax: 0.0005405614869202166
yhalf: 0.0002702807434601083
K0.5: 575.205576275842
n: 1.1612045211766337e-07
r**2: 0.01759260442186683
popt: [  5.40561487e-04   1.16120452e-07   5.75205576e+02]
pcov: [[  2.30483172e-05  -5.38918472e-03   4.12054051e+08]
 [ -5.38918472e-03   2.34036866e+00  -9.56428708e+10]
 [  4.12054051e+08  -9.56428708e+10   7.40802293e+21]]
rsq: [0.01759260442186683, 7.465691453853128e-07, 7.599384417764559e-07]
**************************

Res#:  63F
xdata: [0, 125, 250, 500, 1000, 2000, 4000]
ydata: [0.0, -0.00012307531859168108, -0.00026215853978417414, -0.00021932911507427377, -0.00024928906431309628, -0.00059808588690213327, 0.0003649980332101066]
ymax: -0.00011698629487358701
yhalf: -5.8493147436793504e-05
K0.5: 807.5085015312842
n: 6.976593987842114e-08
r**2: -0.12037794918786693
popt: [ -1.16986295e-04   6.97659399e-08   8.07508502e+02]
pcov: [[  2.69003366e-07  -9.85510214e-05  -2.28938636e+07]
 [ -9.85510214e-05   2.16790110e+01  -7.29170296e+09]
 [ -2.28938636e+07  -7.29170296e+09   3.05586599e+21]]
rsq: [-0.12037794918786693, 5.784268462055726e-07, 5.162783207442268e-07]
**************************

Res#:  64M
xdata: [0, 125, 250, 500, 1000, 2000, 4000]
ydata: [0.0, -0.00053528291971005615, 1.7291348996195666e-05, -0.00046712684019567519, -0.00093563099012961004, 0.00047729433253351772, -0.00069067523517318818]
ymax: -0.0003566365032828193
yhalf: -0.00017831825164140965
K0.5: 1.1107558017413823e-28
n: 0.1304082874334476
r**2: 0.07558367976476654
popt: [ -3.56636503e-04   1.30408287e-01   1.11075580e-28]
pcov: [[  4.36402386e-04   1.57233254e+03   9.56321078e-23]
 [  1.57233254e+03   5.69600402e+09   3.46671990e-16]
 [  9.56321078e-23   3.46671990e-16   2.11010095e-41]]
rsq: [0.07558367976476654, 1.3262020380227762e-06, 1.4346371964585193e-06]
**************************

Res#:  65W
xdata: [0, 125, 250, 500, 1000, 2000, 4000]
ydata: [0.0, 0.00060082656400872736, -0.00020910335495738508, 0.00092557383831337603, -0.00021676863200781327, -0.0003493111021093398, -0.00013901291173290531]
ymax: 0.0006519487056574919
yhalf: 0.00032597435282874596
K0.5: 688.1673608723023
n: 1.268153384190302e-07
r**2: -0.2091200028657505
popt: [  6.51948706e-04   1.26815338e-07   6.88167361e+02]
pcov: [[  1.18910579e-04  -2.43484121e-02   1.86634152e+09]
 [ -2.43484121e-02   6.71837923e+00  -3.82803495e+11]
 [  1.86634152e+09  -3.82803495e+11   2.93623727e+22]]
rsq: [-0.2091200028657505, 1.6881650606966038e-06, 1.3961931460032606e-06]
**************************

Res#:  66M
xdata: [0, 125, 250, 500, 1000, 2000, 4000]
ydata: [0.0, 0.0006422106132353278, 0.00018979907758520653, 0.00031759762070571185, -0.00015350701586580584, 1.3771556860220358e-05, -0.00064688015670011367]
ymax: 0.0004931823305254472
yhalf: 0.0002465911652627236
K0.5: 626.1444259242704
n: 1.8285155262471342e-07
r**2: -0.21038674782711975
popt: [  4.93182331e-04   1.82851553e-07   6.26144426e+02]
pcov: [[  2.23976400e-05   5.42738750e-03   3.02159447e+08]
 [  5.42738750e-03   3.66654144e+00   7.40771503e+10]
 [  3.02159447e+08   7.40771503e+10   4.11238461e+21]]
rsq: [-0.21038674782711975, 1.1773566557788963e-06, 9.72711125508009e-07]
**************************

Res#:  67W
xdata: [0, 125, 250, 500, 1000, 2000, 4000]
ydata: [0.0, -0.00011917566650421207, -0.00069350665626011221, -0.00014189051810564735, -0.00066127032619522907, -0.001062805563478264, -0.00037134129106153324]
ymax: -0.0006764728307373683
yhalf: -0.00033823641536868417
K0.5: 202.02291614772338
n: 1.3533243784932347
r**2: 0.4233824564364429
popt: [ -6.76472831e-04   1.35332438e+00   2.02022916e+02]
pcov: [[  1.32837850e-07   8.33552606e-04  -6.64628014e-02]
 [  8.33552606e-04   9.54820798e+00  -2.70311963e+02]
 [ -6.64628014e-02  -2.70311963e+02   7.93651313e+04]]
rsq: [0.4233824564364429, 5.13821488240895e-07, 8.910958294217413e-07]
**************************

Res#:  68G
xdata: [0, 125, 250, 500, 1000, 2000, 4000]
ydata: [0.0, -0.00015778590415926885, -0.0001034072447367862, -0.00070329333820495776, 0.00023174517899704483, -0.00089841598417805812, 0.00015090117769567257]
ymax: -0.0002577247876459125
yhalf: -0.00012886239382295625
K0.5: 1073.160388800345
n: 9.88679611906253e-08
r**2: -0.028303537777174537
popt: [ -2.57724788e-04   9.88679612e-08   1.07316039e+03]
pcov: [[  6.56863662e-06   3.46185010e-03  -3.28039927e+08]
 [  3.46185010e-03   9.31845024e+00  -2.08882706e+11]
 [ -3.28039927e+08  -2.08882706e+11   1.69950738e+22]]
rsq: [-0.028303537777174537, 1.1319736540519778e-06, 1.1008166484566426e-06]
**************************

Res#:  69C
xdata: [0, 125, 250, 500, 1000, 2000, 4000]
ydata: [0.0, 2.7900150749715635e-06, -0.00012132694690158985, -0.00068868664294985393, -0.00016516577380354391, -0.0014134258570308589, -0.00045575147451426545]
ymax: 1.2908941133994503e-06
yhalf: 6.454470566997251e-07
K0.5: 840.8822522662828
n: 1.5330067777298022e-06
r**2: -0.7378603478367816
popt: [  1.29089411e-06   1.53300678e-06   8.40882252e+02]
pcov: [[  1.12064244e-06  -4.54660782e-01   3.47811662e+08]
 [ -4.54660782e-01   9.26460404e+05  -2.58335572e+14]
 [  3.47811662e+08  -2.58335572e+14   1.82250367e+23]]
rsq: [-0.7378603478367816, 2.725449759847353e-06, 1.5682789260022435e-06]
**************************

Res#:  70Y
xdata: [0, 125, 250, 500, 1000, 2000, 4000]
ydata: [0.0, 0.0010584205621597675, 0.00094107223877060164, 0.0010187589703019029, 0.00066883402746320542, 0.0010586752494710083, 0.0011269693427582439]
!¡FIT FAILED TO FIND MINIMIZATION!¡
**************************

Res#:  71F
xdata: [0, 125, 250, 500, 1000, 2000, 4000]
ydata: [0.0, -0.0013933125266802904, -0.00010846846848266978, -0.0013900621931544066, -0.0015261970841127237, -0.0013223586407384857, -0.0014835602176646034]
!¡FIT FAILED TO FIND MINIMIZATION!¡
**************************

Res#:  72T
xdata: [0, 125, 250, 500, 1000, 2000, 4000]
