# fitting for parameter: 'H1_delta'
fit performed: Hill Equation
(Vmax*[S]**n)/(K0.5**n+[S]**n)

Res#:  1M
xdata: [0, 125, 250, 500, 1000, 2000, 4000]
ydata: [0.0, 0.12082307372095613, 0.22368512318639233, 0.24811827311960855, 0.2458409595288451, 0.24911287691900874, 0.24933057758258848]
ymax: 0.2487920483345447
yhalf: 0.12439602416727236
K0.5: 127.26207457396193
n: 3.267659663947081
r**2: 0.9997796335954717
popt: [   0.24879205    3.26765966  127.26207457]
pcov: [[  8.77420205e-07  -5.51691203e-05   2.81627804e-04]
 [ -5.51691203e-05   1.71241390e-02   1.58192830e-02]
 [  2.81627804e-04   1.58192830e-02   1.23591916e+00]]
rsq: [0.9997796335954717, 1.2235559861962919e-05, 0.055523707836295254]
**************************

Res#:  2S
xdata: [0, 125, 250, 500, 1000, 2000, 4000]
ydata: [0.0, -0.0054119751050416554, -0.028456921631222265, -0.13645726437247863, -0.24358988460669462, -0.2712608318470382, -0.27789555469385974]
ymax: -0.27694301135719623
yhalf: -0.13847150567859812
K0.5: 507.31655346908343
n: 2.9758013675171604
r**2: 0.9999040738467719
popt: [ -2.76943011e-01   2.97580137e+00   5.07316553e+02]
pcov: [[  1.37889789e-06   3.73625815e-05  -2.49582953e-03]
 [  3.73625815e-05   3.87922918e-03  -6.88619051e-02]
 [ -2.49582953e-03  -6.88619051e-02   1.51498125e+01]]
rsq: [0.9999040738467719, 9.314704333461798e-06, 0.09710286527720825]
**************************

Res#:  3T
xdata: [0, 125, 250, 500, 1000, 2000, 4000]
ydata: [0.0, 0.0059288269032595764, 0.0047443845536490059, 0.0089556057961992508, 0.0081341520982993742, 0.007610351671950788, 0.016105107819108788]
!¡FIT FAILED TO FIND MINIMIZATION!¡
**************************

Res#:  4K
xdata: [0, 125, 250, 500, 1000, 2000, 4000]
ydata: [0.0, -0.055800107735433535, -0.10573655964958562, -0.13654559845349556, -0.14139415687697898, -0.14153658486494791, -0.1432131520891522]
ymax: -0.14340944821810128
yhalf: -0.07170472410905064
K0.5: 153.98555052044387
n: 2.251267994187373
r**2: 0.9993666053537065
popt: [ -1.43409448e-01   2.25126799e+00   1.53985551e+02]
pcov: [[  1.11521650e-06   5.96168794e-05  -1.27020548e-03]
 [  5.96168794e-05   1.22924813e-02  -3.27969212e-04]
 [ -1.27020548e-03  -3.27969212e-04   8.94555842e+00]]
rsq: [0.9993666053537065, 1.1745933906835061e-05, 0.01854441614808203]
**************************

Res#:  5C
xdata: [0, 125, 250, 500, 1000, 2000, 4000]
ydata: [0.0, -0.00018591417312663339, -0.0027692474849310145, 0.00061316194156013637, -0.0065795898945406606, -0.0037816752844417323, -0.0042483020976362695]
ymax: 0.00019691081577234918
yhalf: 9.845540788617459e-05
K0.5: 919.9391930774973
n: 1.9173095901834421e-07
r**2: -1.041677236178851
popt: [  1.96910816e-04   1.91730959e-07   9.19939193e+02]
pcov: [[  2.13892768e-05  -1.33554644e-02   2.26595099e+08]
 [ -1.33554644e-02   7.70242341e+02  -4.40505094e+11]
 [  2.26595099e+08  -4.40505094e+11   7.47382394e+21]]
rsq: [-1.041677236178851, 8.711551293119046e-05, 4.266860176892286e-05]
**************************

Res#:  6M
xdata: [0, 125, 250, 500, 1000, 2000, 4000]
ydata: [0.0, 0.00041254577376559354, -0.0021385721290867465, 0.0011340232107572845, 0.0025862652629768945, 0.0050770243103714918, 0.012422844428882307]
ymax: 0.035261845282682856
yhalf: 0.017630922641341428
K0.5: 5869.3546003500605
n: 1.5991435154558855
r**2: 0.9539861040678136
popt: [  3.52618453e-02   1.59914352e+00   5.86935460e+03]
pcov: [[  9.51471247e-03  -1.11762805e-01   1.67201151e+03]
 [ -1.11762805e-01   1.42421122e+00  -1.98887662e+04]
 [  1.67201151e+03  -1.98887662e+04   2.94617387e+08]]
rsq: [0.9539861040678136, 6.374441526115515e-06, 0.00013853296698697128]
**************************

Res#:  8T
xdata: [0, 125, 250, 500, 1000, 2000, 4000]
ydata: [0.0, -0.020032385572248401, -0.023653257232121305, -0.027715289628321926, -0.034065505189312617, -0.039590760793510427, -0.04897665001406537]
!¡FIT FAILED TO FIND MINIMIZATION!¡
**************************

Res#:  9L
xdata: [0, 125, 250, 500, 1000, 2000, 4000]
ydata: [0.0, 0.0042676630766340651, 0.00091546091879912694, 0.0014789624139375235, 0.006916251537871787, 0.0072420192073021639, 0.013682649378674583]
!¡FIT FAILED TO FIND MINIMIZATION!¡
**************************

Res#:  10A
xdata: [0, 125, 250, 500, 1000, 2000, 4000]
ydata: [0.0, 3.1420038538954032e-05, 0.0031693994897628031, 0.0025887517985614394, 0.0023646054383110737, 0.0010785714949284042, 8.3881265896756929e-05]
ymax: 0.0028585958894783033
yhalf: 0.0014292979447391517
K0.5: 328.9440240093047
n: 1.5475723357243197e-07
r**2: 0.17779237151771343
popt: [  2.85859589e-03   1.54757234e-07   3.28944024e+02]
pcov: [[  1.44498584e-04  -1.01061788e-02   2.08999845e+08]
 [ -1.01061788e-02   1.13653458e+00  -1.40843322e+10]
 [  2.08999845e+08  -1.40843322e+10   3.06635340e+20]]
rsq: [0.17779237151771343, 9.134304809130816e-06, 1.1109486816598665e-05]
**************************

Res#:  11N
xdata: [0, 125, 250, 500, 1000, 2000, 4000]
ydata: [0.0, 0.0018314525171723162, 0.0016938176042815556, 0.0078227469464993149, 0.0081933442451553873, 0.0085294044754116172, 0.0093132514477591855]
ymax: 0.008760556133703329
yhalf: 0.004380278066851664
K0.5: 330.0548321816219
n: 4.459449084207386
r**2: 0.9607901240147451
popt: [  8.76055613e-03   4.45944908e+00   3.30054832e+02]
pcov: [[  3.32058524e-07  -3.89964688e-04   1.12110850e-02]
 [ -3.89964688e-04   2.99684931e+00  -2.51515954e+01]
 [  1.12110850e-02  -2.51515954e+01   1.92601548e+03]]
rsq: [0.9607901240147451, 3.7008156344924272e-06, 9.43847829532574e-05]
**************************

Res#:  12E
xdata: [0, 125, 250, 500, 1000, 2000, 4000]
ydata: [0.0, -0.0023781896338537223, -0.0039102370200865266, -0.0086738939886146227, -0.005827711823947368, -0.0096779537729023701, -0.015009683166555376]
!¡FIT FAILED TO FIND MINIMIZATION!¡
**************************

Res#:  13S
xdata: [0, 125, 250, 500, 1000, 2000, 4000]
ydata: [0.0, -0.0014787533523250573, -0.0028961828578948356, -0.002112252496687006, 0.0053957712625614107, 0.0016917469896613468, 0.0063784539893116943]
ymax: 0.008068363692120321
yhalf: 0.004034181846060161
K0.5: 2273.085201789565
n: 1.7980115635053968
r**2: 0.5377732966604587
popt: [  8.06836369e-03   1.79801156e+00   2.27308520e+03]
pcov: [[  3.91968802e-04  -8.16773683e-02   1.48215338e+02]
 [ -8.16773683e-02   2.08739020e+01  -3.13102943e+04]
 [  1.48215338e+02  -3.13102943e+04   5.79157925e+07]]
rsq: [0.5377732966604587, 3.7319997540918534e-05, 8.073959654707381e-05]
**************************

Res#:  14H
xdata: [0, 125, 250, 500, 1000, 2000, 4000]
ydata: [0.0, -0.0060701065496528983, -0.0026900474502706828, -0.0019795590619979819, -0.0038679641225796146, -0.0086219868947656764, -0.0092306544801434853]
!¡FIT FAILED TO FIND MINIMIZATION!¡
**************************

Res#:  15M
xdata: [0, 125, 250, 500, 1000, 2000, 4000]
ydata: [0.0, 0.00068458495515599793, -0.0039989622260190316, 0.0014166596595757142, -0.0037569417126022131, 0.0015637537992105877, -0.0030531451667989984]
!¡FIT FAILED TO FIND MINIMIZATION!¡
**************************

Res#:  16V
xdata: [0, 125, 250, 500, 1000, 2000, 4000]
ydata: [0.0, -0.001243112988252193, -0.0033310087485354245, 0.0035630400110902016, 0.0046131555081716513, 0.0060397182435965036, 0.0084073897282106458]
ymax: 0.007585741807666265
yhalf: 0.0037928709038331323
K0.5: 779.4390560168237
n: 2.6394562312533
r**2: 0.8100466508768521
popt: [  7.58574181e-03   2.63945623e+00   7.79439056e+02]
pcov: [[  5.23403244e-06  -3.82341410e-03   6.02516618e-01]
 [ -3.82341410e-03   7.90399194e+00  -4.28532394e+02]
 [  6.02516618e-01  -4.28532394e+02   1.54733216e+05]]
rsq: [0.8100466508768521, 2.037075120839832e-05, 0.00010724081098034151]
**************************

Res#:  17I
xdata: [0, 125, 250, 500, 1000, 2000, 4000]
ydata: [0.0, 0.0036979848891149913, 2.4343502197154976e-05, 0.0023358415195513516, 0.0030319936594622732, 0.0084545889581342237, 0.0070148425521487923]
ymax: 0.010132764769958754
yhalf: 0.005066382384979377
K0.5: 1282.5188628171898
n: 1.1225052595592555
r**2: 0.7102233343136201
popt: [  1.01327648e-02   1.12250526e+00   1.28251886e+03]
pcov: [[  9.69789667e-05  -1.10000920e-02   2.65226966e+01]
 [ -1.10000920e-02   1.56127114e+00  -3.05207839e+03]
 [  2.65226966e+01  -3.05207839e+03   7.55043810e+06]]
rsq: [0.7102233343136201, 1.821108513081096e-05, 6.284524355222061e-05]
**************************

Res#:  18M
xdata: [0, 125, 250, 500, 1000, 2000, 4000]
ydata: [0.0, -0.0047856737137790262, -0.00062609529258850216, -0.0075450652103725702, -0.0095452766714965165, -0.0099373134056284229, -0.012105357025069985]
ymax: -0.013530822739328926
yhalf: -0.006765411369664463
K0.5: 562.7213433597474
n: 1.0419056252410772
r**2: 0.8461363880565813
popt: [ -1.35308227e-02   1.04190563e+00   5.62721343e+02]
pcov: [[  3.29578674e-05   4.06322821e-03  -3.36095558e+00]
 [  4.06322821e-03   6.59127369e-01  -4.09808579e+02]
 [ -3.36095558e+00  -4.09808579e+02   3.80487124e+05]]
rsq: [0.8461363880565813, 2.048883926778159e-05, 0.00013316234429304891]
**************************

Res#:  19F
xdata: [0, 125, 250, 500, 1000, 2000, 4000]
ydata: [0.0, -0.0047805434622461007, -0.0012511094187761529, -0.0078753169445002769, -0.034793386777730362, -0.16504236486548329, -0.25183442963229563]
ymax: -0.2670301316299836
yhalf: -0.1335150658149918
K0.5: 1736.684645820263
n: 3.37474357784064
r**2: 0.9993432621983889
popt: [ -2.67030132e-01   3.37474358e+00   1.73668465e+03]
pcov: [[  2.62072342e-05   6.08646659e-04  -1.36869666e-01]
 [  6.08646659e-04   3.29590417e-02  -2.84183579e+00]
 [ -1.36869666e-01  -2.84183579e+00   1.23426042e+03]]
rsq: [0.9993432621983889, 4.0054812501484726e-05, 0.060990569452863505]
**************************

Res#:  22Q
xdata: [0, 125, 250, 500, 1000, 2000, 4000]
ydata: [0.0, 0.099170199809155868, 0.19368077787096638, 0.23695990045335247, 0.25156922732349951, 0.25620546095849939, 0.25605333570129396]
ymax: 0.2557870165591676
yhalf: 0.1278935082795838
K0.5: 152.6141180581529
n: 2.243475414602083
r**2: 0.99984994260173
popt: [   0.25578702    2.24347541  152.61411806]
pcov: [[  8.40379674e-07  -2.53994798e-05   5.27157359e-04]
 [ -2.53994798e-05   2.93804537e-03   6.79813649e-04]
 [  5.27157359e-04   6.79813649e-04   2.09697950e+00]]
rsq: [0.99984994260173, 8.840921727453257e-06, 0.05891693331605882]
**************************

Res#:  23Y
xdata: [0, 125, 250, 500, 1000, 2000, 4000]
ydata: [0.0, -0.00026067305630483872, 0.00091793920173977028, -0.021437814985153736, -0.088334350453965982, -0.180793847669805, -0.22191666266584509]
ymax: 0.0006058819605389997
yhalf: 0.0003029409802694999
K0.5: 783.4912271584428
n: 9.386581078154907e-06
r**2: -0.7150262111648376
popt: [  6.05881961e-04   9.38658108e-06   7.83491227e+02]
pcov: [[  1.11924098e+04   2.70115338e+04   2.35509194e+15]
 [  2.70115338e+04   1.80556821e+05   5.68208525e+15]
 [  2.35509194e+15   5.68208525e+15   4.95555994e+26]]
rsq: [-0.7150262111648376, 0.09050752643590629, 0.05277326133367607]
**************************

Res#:  24M
xdata: [0, 125, 250, 500, 1000, 2000, 4000]
ydata: [0.0, 0.0005132442587978403, -0.0025349623997161785, -0.020887996281038212, -0.10348234389063116, -0.24113518906177056, -0.28447712555648863]
ymax: 0.00034148646125809975
yhalf: 0.00017074323062904988
K0.5: 709.2840030920546
n: 1.139723211048744e-05
r**2: -0.6810743655221192
popt: [  3.41486461e-04   1.13972321e-05   7.09284003e+02]
pcov: [[  2.02322972e-01  -1.99209367e+02   4.58544830e+10]
 [ -1.99209367e+02   6.23751769e+05  -4.92872223e+13]
 [  4.58544830e+10  -4.92872223e+13   1.18752804e+22]]
rsq: [-0.6810743655221192, 0.15044783478964258, 0.08949505023408973]
**************************

Res#:  25Y
xdata: [0, 125, 250, 500, 1000, 2000, 4000]
ydata: [0.0, 0.0069149642047845461, 0.0059371605530955662, 0.0080664898112248196, 0.049182149912937234, 0.18247946180314933, 0.27377677933038758]
ymax: 0.2953845065468338
yhalf: 0.1476922532734169
K0.5: 1705.36712521517
n: 2.9851140763270925
r**2: 0.9989886239769177
popt: [  2.95384507e-01   2.98511408e+00   1.70536713e+03]
pcov: [[  6.17638992e-05  -1.09242923e-03   3.32541296e-01]
 [ -1.09242923e-03   3.76727710e-02  -5.68481406e+00]
 [  3.32541296e-01  -5.68481406e+00   2.62708479e+03]]
rsq: [0.9989886239769177, 7.205111936738069e-05, 0.07124068370514973]
**************************

Res#:  26L
xdata: [0, 125, 250, 500, 1000, 2000, 4000]
ydata: [0.0, -0.0018432888955413063, -0.0042115312798705062, -0.016982966088106899, -0.13464653889044786, -0.24225766445626373, -0.25657284079280362]
ymax: -0.2574478960466519
yhalf: -0.12872394802332596
K0.5: 977.2694193964678
n: 3.8924260142907396
r**2: 0.9998485621437754
popt: [ -2.57447896e-01   3.89242601e+00   9.77269419e+02]
pcov: [[  2.64747750e-06   1.19845871e-04  -6.72621555e-03]
 [  1.19845871e-04   1.88372578e-02  -2.64444002e-01]
 [ -6.72621555e-03  -2.64444002e-01   5.94585108e+01]]
rsq: [0.9998485621437754, 1.232470052220541e-05, 0.08138454168241853]
**************************

Res#:  27R
xdata: [0, 125, 250, 500, 1000, 2000, 4000]
ydata: [0.0, -0.00073924643380962607, -0.0063991408414345585, -0.048890848236368356, -0.19564945314364834, -0.24449249162176478, -0.24531103282556543]
ymax: -0.24707714297634026
yhalf: -0.12353857148817013
K0.5: 711.9215484458857
n: 3.9358028271741263
r**2: 0.9998654052665645
popt: [ -2.47077143e-01   3.93580283e+00   7.11921548e+02]
pcov: [[  1.67704808e-06   5.00627696e-05  -4.11721091e-03]
 [  5.00627696e-05   8.07132404e-03  -1.17423198e-01]
 [ -4.11721091e-03  -1.17423198e-01   3.79950006e+01]]
rsq: [0.9998654052665645, 1.1053233499402238e-05, 0.08212233285262643]
**************************

Res#:  28R
xdata: [0, 125, 250, 500, 1000, 2000, 4000]
ydata: [0.0, 0.038537903969071863, 0.18860158440710517, 0.25998758176246728, 0.27428523553866491, 0.27451326906908857, 0.26974493129555555]
ymax: 0.2722149902625707
yhalf: 0.13610749513128534
K0.5: 201.71593887457396
n: 3.7214351360555815
r**2: 0.9996318147988336
popt: [   0.27221499    3.72143514  201.71593887]
pcov: [[  2.24070288e-06  -5.86846840e-05   1.25269848e-03]
 [ -5.86846840e-05   1.83029884e-02   1.81054057e-02]
 [  1.25269848e-03   1.81054057e-02   5.82214122e+00]]
rsq: [0.9996318147988336, 3.1097721323466165e-05, 0.08446217073620232]
**************************

Res#:  30L
xdata: [0, 125, 250, 500, 1000, 2000, 4000]
ydata: [0.0, -0.0037185590563701965, -0.0034666067850839255, -0.00077162238213901446, -0.010752971535138656, -0.012208403582802063, -0.014228019073225795]
ymax: -0.01656376674466727
yhalf: -0.008281883372333635
K0.5: 959.4517948325096
n: 1.4071711327251142
r**2: 0.8494812271584828
popt: [ -1.65637667e-02   1.40717113e+00   9.59451795e+02]
pcov: [[  4.73713491e-05   5.72987129e-03  -5.19880709e+00]
 [  5.72987129e-03   9.87526918e-01  -6.33857150e+02]
 [ -5.19880709e+00  -6.33857150e+02   6.47511909e+05]]
rsq: [0.8494812271584828, 3.0462024100360448e-05, 0.0002023802315504807]
**************************

Res#:  31N
xdata: [0, 125, 250, 500, 1000, 2000, 4000]
ydata: [0.0, 0.0040464585567407951, 0.0017563213543487777, 0.00097851546544802659, -0.0018526226307953308, -0.0083772987410872801, -0.010761491074885221]
ymax: 0.0029427600175894394
yhalf: 0.0014713800087947197
K0.5: 658.7171328825982
n: 1.4183004168403955e-07
r**2: -0.4621989607067254
popt: [  2.94276002e-03   1.41830042e-07   6.58717133e+02]
pcov: [[  8.33240774e-04   1.88271861e-01   1.58998572e+09]
 [  1.88271861e-01   7.14790787e+01   3.63674753e+11]
 [  1.58998572e+09   3.63674753e+11   3.21282157e+21]]
rsq: [-0.4621989607067254, 0.00026464374627214137, 0.00018099024372458244]
**************************

Res#:  32T
xdata: [0, 125, 250, 500, 1000, 2000, 4000]
ydata: [0.0, -0.0011898385445370252, 0.0031135794098862135, -0.0018696737915746553, 0.0010097047433408335, -0.0006135216159073309, -0.0032597174653332672]
ymax: 0.0017367197824196003
yhalf: 0.0008683598912098002
K0.5: 774.7822733223405
n: 6.252429986517193e-08
r**2: -0.41298811856354356
popt: [  1.73671978e-03   6.25242999e-08   7.74782273e+02]
pcov: [[  1.82123881e-04   5.31146623e-02   1.73493289e+09]
 [  5.31146623e-02   2.34658342e+01   5.27437815e+11]
 [  1.73493289e+09   5.27437815e+11   1.70930790e+22]]
rsq: [-0.41298811856354356, 3.603099407714144e-05, 2.5499856370887873e-05]
**************************

Res#:  33I
xdata: [0, 125, 250, 500, 1000, 2000, 4000]
ydata: [0.0, 0.0060195617458544959, 0.0018014547431670636, 0.0011762349997175292, 0.00389767403977892, -0.003617584300080523, 0.00066683170926484792]
ymax: 0.004863421610847614
yhalf: 0.002431710805423807
K0.5: 592.292200177776
n: 5.575975445916346e-08
r**2: -0.022416866887933207
popt: [  4.86342161e-03   5.57597545e-08   5.92292200e+02]
pcov: [[  2.51117444e-04   3.87994515e-03   1.36005039e+09]
 [  3.87994515e-03   1.16149294e+00   2.71427733e+10]
 [  1.36005039e+09   2.71427733e+10   7.67970539e+21]]
rsq: [-0.022416866887933207, 5.670393628087715e-05, 5.546068156472663e-05]
**************************

Res#:  34R
xdata: [0, 125, 250, 500, 1000, 2000, 4000]
ydata: [0.0, -0.0015226622184822958, 0.00065402665304858942, 0.0012202086279273772, 0.0015307374873376745, -0.0048045366493845165, -0.0011206518604307547]
ymax: 0.0008658118591986972
yhalf: 0.0004329059295993486
K0.5: 769.5280114214546
n: 1.8612557917285946e-07
r**2: -0.24349625924956997
popt: [  8.65811859e-04   1.86125579e-07   7.69528011e+02]
pcov: [[  9.84565823e-04  -1.01156178e-01   6.79155774e+09]
 [ -1.01156178e-01   2.90772982e+01  -7.09600570e+11]
 [  6.79155774e+09  -7.09600570e+11   4.71349979e+22]]
rsq: [-0.24349625924956997, 3.554256774643569e-05, 2.8582770138677428e-05]
**************************

Res#:  35S
xdata: [0, 125, 250, 500, 1000, 2000, 4000]
ydata: [0.0, 0.001683403739228595, -0.0010284966598312906, 0.0029530040827427939, 0.0055794774844759587, 0.0070501633313124756, 0.01046991546040843]
ymax: 0.012210855441829285
yhalf: 0.006105427720914642
K0.5: 1326.0594262979112
n: 1.4461930955145306
r**2: 0.9270500638095718
popt: [  1.22108554e-02   1.44619310e+00   1.32605943e+03]
pcov: [[  2.20005108e-05  -3.12476352e-03   4.23942874e+00]
 [ -3.12476352e-03   5.95376279e-01  -6.09872456e+02]
 [  4.23942874e+00  -6.09872456e+02   8.81864569e+05]]
rsq: [0.9270500638095718, 7.380198120516727e-06, 0.0001011679859630239]
**************************

Res#:  36R
xdata: [0, 125, 250, 500, 1000, 2000, 4000]
ydata: [0.0, -0.0038025964988701588, -0.00090699900981849879, -0.0047462229028987224, -0.010509532104590491, -0.010954260282947992, -0.020347553829532572]
!¡FIT FAILED TO FIND MINIMIZATION!¡
**************************

Res#:  37T
xdata: [0, 125, 250, 500, 1000, 2000, 4000]
ydata: [0.0, -0.0023524879217937666, 0.0027525187857815325, 0.0040072529326558026, 0.0036367562561547828, 0.0041276855662868428, 0.0099666339221595734]
!¡FIT FAILED TO FIND MINIMIZATION!¡
**************************

Res#:  38T
xdata: [0, 125, 250, 500, 1000, 2000, 4000]
ydata: [0.0, -0.00086123730818599142, -0.00020891292234104242, -0.0075239504234705379, -0.011298447062474182, -0.0096064587703548199, -0.014038507315808246]
ymax: -0.011692742549931183
yhalf: -0.0058463712749655915
K0.5: 452.6871724266536
n: 5.826732805710365
r**2: 0.9475579017383248
popt: [ -1.16927425e-02   5.82673281e+00   4.52687172e+02]
pcov: [[  9.55520323e-07   1.39495450e-03  -8.93189738e-03]
 [  1.39495450e-03   4.44624953e+01   2.81583923e+02]
 [ -8.93189738e-03   2.81583923e+02   4.31494237e+03]]
rsq: [0.9475579017383248, 1.0678573414921162e-05, 0.00020362597548323269]
**************************

Res#:  39I
xdata: [0, 125, 250, 500, 1000, 2000, 4000]
ydata: [0.0, 0.0021337796334304215, 0.00033084455955112446, 0.0040356092154940626, 0.0036300077219557636, 0.0061942082587744807, -0.0006397399063455822]
ymax: 0.0031783574086151527
yhalf: 0.0015891787043075764
K0.5: 168.28038143806484
n: 1.821839005567025
r**2: 0.20883027859631687
popt: [  3.17835741e-03   1.82183901e+00   1.68280381e+02]
pcov: [[  3.83201606e-06  -7.53427513e-03   2.53828646e-01]
 [ -7.53427513e-03   4.13553780e+01  -1.15363098e+02]
 [  2.53828646e-01  -1.15363098e+02   7.70657937e+04]]
rsq: [0.20883027859631687, 2.9873582010411694e-05, 3.775875289743188e-05]
**************************

Res#:  40H
xdata: [0, 125, 250, 500, 1000, 2000, 4000]
ydata: [0.0, 0.0081237626226116078, 0.0073257932710717455, 0.012057392760905117, 0.0083882856956982721, 0.0069505246567178602, 0.008050551585483845]
!¡FIT FAILED TO FIND MINIMIZATION!¡
**************************

Res#:  41F
xdata: [0, 125, 250, 500, 1000, 2000, 4000]
ydata: [0.0, -0.0017781345253116143, 0.0025970371645218648, 0.001340758388732155, -0.0011618463815716851, -0.00057713627436939419, 0.0067846888808231753]
ymax: 0.017358738552659295
yhalf: 0.008679369276329648
K0.5: 4075.57344627798
n: 23.708907747358936
r**2: 0.7425691985350609
popt: [  1.73587386e-02   2.37089077e+01   4.07557345e+03]
pcov: [[  7.85280803e+10  -4.22347955e+12   1.30827113e+15]
 [ -4.22341455e+12   2.35056104e+14  -7.03873033e+16]
 [  1.30827092e+15  -7.03883749e+16   2.17957648e+19]]
rsq: [0.7425691985350609, 1.338697172508201e-05, 5.2002214377230446e-05]
**************************

Res#:  42V
xdata: [0, 125, 250, 500, 1000, 2000, 4000]
ydata: [0.0, 0.0042607332494508654, -0.0023346766290028853, -0.0056392459660123961, -0.0076338103847586325, -0.0094535722826645241, -0.011374329164690167]
ymax: 0.002484578659888021
yhalf: 0.0012422893299440104
K0.5: 783.2168295459882
n: 1.6080412236600985e-07
r**2: -1.28478324346267
popt: [  2.48457866e-03   1.60804122e-07   7.83216830e+02]
pcov: [[  8.67025057e-04  -2.99117848e-02   2.21373699e+09]
 [ -2.99117848e-02   3.05916383e+01  -7.88189727e+10]
 [  2.21373699e+09  -7.88189727e+10   6.15137100e+21]]
rsq: [-1.28478324346267, 0.0004216268874364746, 0.00018453693086329016]
**************************

Res#:  43T
xdata: [0, 125, 250, 500, 1000, 2000, 4000]
ydata: [0.0, 0.13031194746548902, 0.13750647181676801, 0.14024747712762053, 0.14474218887359047, 0.14205184753908551, 0.13962218861936027]
ymax: 0.142028286023473
yhalf: 0.0710141430117365
K0.5: 29.596689090899027
n: 1.6628597129312288
r**2: 0.9990462624331805
popt: [  0.14202829   1.66285971  29.59668909]
pcov: [[  1.81875934e-06  -7.71825360e-04  -1.73808894e-02]
 [ -7.71825360e-04   7.31096867e-01   1.84146960e+01]
 [ -1.73808894e-02   1.84146960e+01   4.77403927e+02]]
rsq: [0.9990462624331805, 1.5929242584282986e-05, 0.016701913753281377]
**************************

Res#:  44I
xdata: [0, 125, 250, 500, 1000, 2000, 4000]
ydata: [0.0, -0.016601199594004967, -0.050236993739281921, -0.11171892467561673, -0.144073987756415, -0.15928048957862995, -0.15836450718020245]
ymax: -0.160329734036807
yhalf: -0.0801648670184035
K0.5: 349.6555287756816
n: 2.2050179345203853
r**2: 0.9993768088782163
popt: [ -1.60329734e-01   2.20501793e+00   3.49655529e+02]
pcov: [[  2.63422947e-06   8.46690105e-05  -7.72287082e-03]
 [  8.46690105e-05   8.83270947e-03  -2.40865556e-01]
 [ -7.72287082e-03  -2.40865556e-01   6.19388007e+01]]
rsq: [0.9993768088782163, 1.740111331244663e-05, 0.027922595018109234]
**************************

Res#:  45M
xdata: [0, 125, 250, 500, 1000, 2000, 4000]
ydata: [0.0, -0.0078028395208509238, -0.027113886189749081, -0.071765549942961471, -0.12693031690419154, -0.16522080673176198, -0.16882276451026001]
ymax: -0.1756604781030238
yhalf: -0.0878302390515119
K0.5: 601.1319366625
n: 1.9826641142264936
r**2: 0.9990105062996131
popt: [ -1.75660478e-01   1.98266411e+00   6.01131937e+02]
pcov: [[  9.77544507e-06   2.31293821e-04  -4.95254178e-02]
 [  2.31293821e-04   1.20383308e-02  -1.17028891e+00]
 [ -4.95254178e-02  -1.17028891e+00   4.44573266e+02]]
rsq: [0.9990105062996131, 3.148898197582884e-05, 0.03182332738805439]
**************************

Res#:  46W
xdata: [0, 125, 250, 500, 1000, 2000, 4000]
ydata: [0.0, 0.0047612065196789288, 0.017504384794908567, 0.045523961944170743, 0.095189535673346981, 0.13530306515636781, 0.14907914926750276]
ymax: 0.1569927921211344
yhalf: 0.0784963960605672
K0.5: 791.0670464256517
n: 1.8917023819531873
r**2: 0.9997272357810827
popt: [  1.56992792e-01   1.89170238e+00   7.91067046e+02]
pcov: [[  3.24665096e-06  -7.40345022e-05   2.48901521e-02]
 [ -7.40345022e-05   3.14439066e-03  -5.68256059e-01]
 [  2.48901521e-02  -5.68256059e-01   2.80086363e+02]]
rsq: [0.9997272357810827, 6.3837078984277025e-06, 0.023403758468638305]
**************************

Res#:  47H
xdata: [0, 125, 250, 500, 1000, 2000, 4000]
ydata: [0.0, 0.085579790017900059, 0.10396014675699394, 0.1063766918669069, 0.11177813354290489, 0.11062256800249681, 0.10578172315106382]
ymax: 0.1090291372779378
yhalf: 0.0545145686389689
K0.5: 72.9571539774016
n: 2.406544774834667
r**2: 0.9974810427202588
popt: [  0.10902914   2.40654477  72.95715398]
pcov: [[  2.01974697e-06  -6.24889829e-04  -7.76839887e-03]
 [ -6.24889829e-04   6.41604249e-01   1.04474698e+01]
 [ -7.76839887e-03   1.04474698e+01   1.89633108e+02]]
rsq: [0.9974810427202588, 2.4500098255613416e-05, 0.009726285734441217]
**************************

Res#:  48W
xdata: [0, 125, 250, 500, 1000, 2000, 4000]
ydata: [0.0, -0.0028672761020693827, -0.022248329372787978, -0.07094337557987096, -0.13107315589073032, -0.17768064576955744, -0.19158192102743854]
ymax: -0.19768677324688863
yhalf: -0.09884338662344432
K0.5: 690.9591102982395
n: 1.986790127505755
r**2: 0.9992671958604078
popt: [ -1.97686773e-01   1.98679013e+00   6.90959110e+02]
pcov: [[  1.09525739e-05   2.22184107e-04  -5.62794856e-02]
 [  2.22184107e-04   9.35511696e-03  -1.14163854e+00]
 [ -5.62794856e-02  -1.14163854e+00   4.77769077e+02]]
rsq: [0.9992671958604078, 2.9442612773964478e-05, 0.04017801098987707]
**************************

Res#:  49R
xdata: [0, 125, 250, 500, 1000, 2000, 4000]
ydata: [0.0, -0.00024271813327292335, 0.01220238684216568, 0.039310279369595413, 0.10217762013613729, 0.15553148537251626, 0.17987722420469066]
ymax: 0.18734997110136306
yhalf: 0.09367498555068153
K0.5: 925.874091743946
n: 2.117166034820738
r**2: 0.9996313610906731
popt: [  1.87349971e-01   2.11716603e+00   9.25874092e+02]
pcov: [[  6.59960777e-06  -1.43478202e-04   4.44798473e-02]
 [ -1.43478202e-04   5.96316010e-03  -9.67914026e-01]
 [  4.44798473e-02  -9.67914026e-01   4.52488913e+02]]
rsq: [0.9996313610906731, 1.2732903771068703e-05, 0.03454031424494925]
**************************

Res#:  50A
xdata: [0, 125, 250, 500, 1000, 2000, 4000]
ydata: [0.0, 0.010930624389521526, 0.032303683958458507, 0.080253863521390301, 0.12664328689093018, 0.13950832638782806, 0.14749552526605392]
ymax: 0.1481379182621806
yhalf: 0.0740689591310903
K0.5: 455.5084770578398
n: 2.1043652962628783
r**2: 0.9993323254915802
popt: [  1.48137918e-01   2.10436530e+00   4.55508477e+02]
pcov: [[  3.21946490e-06  -1.02822801e-04   1.38787756e-02]
 [ -1.02822801e-04   8.88335251e-03  -4.36920296e-01]
 [  1.38787756e-02  -4.36920296e-01   1.33668046e+02]]
rsq: [0.9993323254915802, 1.578608201795919e-05, 0.023643379848845906]
**************************

Res#:  51I
xdata: [0, 125, 250, 500, 1000, 2000, 4000]
ydata: [0.0, -0.010654276458457623, -0.02315637241011359, -0.057700764546018135, -0.10863206175343976, -0.14910103793803575, -0.16197454256914945]
ymax: -0.17194844425464795
yhalf: -0.08597422212732397
K0.5: 728.2261100086685
n: 1.7422293500354744
r**2: 0.9993030270356273
popt: [ -1.71948444e-01   1.74222935e+00   7.28226110e+02]
pcov: [[  1.01199586e-05   1.90886132e-04  -7.02815461e-02]
 [  1.90886132e-04   6.43802616e-03  -1.32644863e+00]
 [ -7.02815461e-02  -1.32644863e+00   6.89549472e+02]]
rsq: [0.9993030270356273, 1.875687872950915e-05, 0.02691191723109523]
**************************

Res#:  52G
xdata: [0, 125, 250, 500, 1000, 2000, 4000]
ydata: [0.0, -0.035654801392791313, -0.081058511093324626, -0.11382591807402598, -0.13323298898872782, -0.13832851515056532, -0.13973897533982438]
ymax: -0.14028833065060956
yhalf: -0.07014416532530478
K0.5: 217.62279891775773
n: 1.8685337171675924
r**2: 0.9995046523710146
popt: [ -1.40288331e-01   1.86853372e+00   2.17622799e+02]
pcov: [[  1.27290874e-06   4.85957785e-05  -2.82982692e-03]
 [  4.85957785e-05   5.27433791e-03  -7.66557264e-02]
 [ -2.82982692e-03  -7.66557264e-02   1.94780601e+01]]
rsq: [0.9995046523710146, 9.094434882122809e-06, 0.01835970205560693]
**************************

Res#:  53V
xdata: [0, 125, 250, 500, 1000, 2000, 4000]
ydata: [0.0, 0.002854788783992035, 0.0049387444472150932, 0.029877710067313323, 0.064668844448013019, 0.088037242115384551, 0.095295973505476361]
ymax: 0.09682936417768778
yhalf: 0.04841468208884389
K0.5: 730.6772155911435
n: 2.312593944282474
r**2: 0.9989723086548792
popt: [  9.68293642e-02   2.31259394e+00   7.30677216e+02]
pcov: [[  3.15609498e-06  -1.57694491e-04   3.04735439e-02]
 [ -1.57694491e-04   1.90200212e-02  -1.51903241e+00]
 [  3.04735439e-02  -1.51903241e+00   5.65731436e+02]]
rsq: [0.9989723086548792, 1.0565380512894527e-05, 0.010280694260057517]
**************************

Res#:  54N
xdata: [0, 125, 250, 500, 1000, 2000, 4000]
ydata: [0.0, 0.0098987578217881733, 0.030755716787933984, 0.091025038316463025, 0.14706731814404339, 0.17965156869245824, 0.18921771319803327]
ymax: 0.19194970984866883
yhalf: 0.09597485492433441
K0.5: 540.5972343276453
n: 2.0295642432675454
r**2: 0.999543424729757
popt: [  1.91949710e-01   2.02956424e+00   5.40597234e+02]
pcov: [[  4.66803788e-06  -1.06994334e-04   1.90842287e-02]
 [ -1.06994334e-04   5.81401122e-03  -4.35826717e-01]
 [  1.90842287e-02  -4.35826717e-01   1.50658138e+02]]
rsq: [0.999543424729757, 1.786170374123348e-05, 0.039121049485938475]
**************************

Res#:  55V
xdata: [0, 125, 250, 500, 1000, 2000, 4000]
ydata: [0.0, -0.0047909286348986058, -0.015086278058438651, -0.037801096279723723, -0.082032886880901046, -0.11634944443171236, -0.13338325448698996]
ymax: -0.1414167110436217
yhalf: -0.07070835552181085
K0.5: 848.5811160711348
n: 1.8093053533177774
r**2: 0.9997512153898636
popt: [ -1.41416711e-01   1.80930535e+00   8.48581116e+02]
pcov: [[  2.86480473e-06   6.59281114e-05  -2.70187200e-02]
 [  6.59281114e-05   2.63847374e-03  -6.23504035e-01]
 [ -2.70187200e-02  -6.23504035e-01   3.48115746e+02]]
rsq: [0.9997512153898636, 4.495663059000991e-06, 0.01807050306100335]
**************************

Res#:  56I
xdata: [0, 125, 250, 500, 1000, 2000, 4000]
ydata: [0.0, -0.0001673540333531065, 0.0082725653517279341, 0.030282110368874626, 0.061818901700551265, 0.098398820829267208, 0.11530029176594603]
ymax: 0.12400279878386487
yhalf: 0.06200139939193244
K0.5: 977.7764354997893
n: 1.8426419826797178
r**2: 0.998719974550985
popt: [  1.24002799e-01   1.84264198e+00   9.77776435e+02]
pcov: [[  1.39971472e-05  -3.57963500e-04   1.68807579e-01]
 [ -3.57963500e-04   1.52095661e-02  -4.33709669e+00]
 [  1.68807579e-01  -4.33709669e+00   2.65351063e+03]]
rsq: [0.998719974550985, 1.7545155175355633e-05, 0.013706879959970313]
**************************

Res#:  57T
xdata: [0, 125, 250, 500, 1000, 2000, 4000]
ydata: [0.0, -0.0058677166678888781, -0.01804889157225098, -0.043496380496067744, -0.10040287355202615, -0.13726656013445826, -0.15782242750688535]
ymax: -0.16516298754914127
yhalf: -0.08258149377457064
K0.5: 820.7140649528764
n: 1.879888374753528
r**2: 0.9989508261195329
popt: [ -1.65162988e-01   1.87988837e+00   8.20714065e+02]
pcov: [[  1.46668153e-05   3.10974060e-04  -1.11192341e-01]
 [  3.10974060e-04   1.20153102e-02  -2.36165479e+00]
 [ -1.11192341e-01  -2.36165479e+00   1.20871833e+03]]
rsq: [0.9989508261195329, 2.6723859088317088e-05, 0.02547133471948234]
**************************

Res#:  58F
xdata: [0, 125, 250, 500, 1000, 2000, 4000]
ydata: [0.0, -3.3350271039012114e-05, -0.0059783116514164902, -0.020730041214164885, -0.053729907309389091, -0.081172592352707795, -0.10101385497310922]
ymax: -0.1074622557770445
yhalf: -0.05373112788852225
K0.5: 1039.2301341280963
n: 1.9103248132020085
r**2: 0.9985532979335484
popt: [ -1.07462256e-01   1.91032481e+00   1.03923013e+03]
pcov: [[  1.23322037e-05   3.77368003e-04  -1.76078399e-01]
 [  3.77368003e-04   1.91514100e-02  -5.41506825e+00]
 [ -1.76078399e-01  -5.41506825e+00   3.27410711e+03]]
rsq: [0.9985532979335484, 1.4885927157411717e-05, 0.010289559614664613]
**************************

Res#:  59E
xdata: [0, 125, 250, 500, 1000, 2000, 4000]
ydata: [0.0, 0.0045687233744118316, 0.0051549293568875498, -0.0014656420584646668, -0.0019649934384897705, 0.0023275145280230447, -0.0033647657035711376]
ymax: 0.004080765458667152
yhalf: 0.002040382729333576
K0.5: 629.1290748913283
n: 8.149745780439603e-08
r**2: -0.11287139915648048
popt: [  4.08076546e-03   8.14974578e-08   6.29129075e+02]
pcov: [[  4.68544300e-04   5.24587242e-02   1.71128800e+09]
 [  5.24587242e-02   9.47719723e+00   2.01190899e+11]
 [  1.71128800e+09   2.01190899e+11   6.42425569e+21]]
rsq: [-0.11287139915648048, 7.372623236214358e-05, 6.624865408350472e-05]
**************************

Res#:  60S
xdata: [0, 125, 250, 500, 1000, 2000, 4000]
ydata: [0.0, -0.0044927336936559925, -0.0039393733426908994, -0.0053552779068990475, -0.0064036982639450457, -0.0040930024851917324, -0.0075553656780300571]
!¡FIT FAILED TO FIND MINIMIZATION!¡
**************************

Res#:  61W
xdata: [0, 125, 250, 500, 1000, 2000, 4000]
ydata: [0.0, -0.0038833328197380723, -0.0051161155856593865, 0.0020329072968081618, 0.0017453575668451293, 0.0025550370844555914, 0.0020711495941601044]
ymax: 0.0021238480836227942
yhalf: 0.0010619240418113971
K0.5: 459.50409456617774
n: 36.78491396575906
r**2: 0.29753332949896105
popt: [  2.12384808e-03   3.67849140e+01   4.59504095e+02]
pcov: [[  5.20014423e-06   6.52711995e+06   6.97822893e+06]
 [  6.52711995e+06   2.45612754e+19   2.62587775e+19]
 [  6.97822892e+06   2.62587775e+19   2.80735990e+19]]
rsq: [0.29753332949896105, 4.158686863547706e-05, 5.9201198265840795e-05]
**************************

Res#:  62M
xdata: [0, 125, 250, 500, 1000, 2000, 4000]
ydata: [0.0, -0.0034911727502855427, 0.0016395193252032314, 0.0029637289858719384, 0.0018989288857174103, 0.0039737237486106025, -0.00058819853119373988]
ymax: 0.0020620457722534597
yhalf: 0.0010310228861267299
K0.5: 240.82863817425275
n: 36.27668372912054
r**2: 0.3687983014888053
popt: [  2.06204577e-03   3.62766837e+01   2.40828638e+02]
pcov: [[  1.97667968e-06  -2.46818508e+06  -6.12410574e+05]
 [ -2.46818508e+06   1.23059498e+19   3.05337478e+18]
 [ -6.12410572e+05   3.05337478e+18   7.57608936e+17]]
rsq: [0.3687983014888053, 2.370623446299878e-05, 3.755730461263697e-05]
**************************

Res#:  63C
xdata: [0, 125, 250, 500, 1000, 2000, 4000]
ydata: [0.0, 0.0048516993440861356, -0.0027293671128436614, -0.0013226519340108212, -0.0041642428609023341, -0.0048163022541256595, -0.0037548068287014402]
ymax: 0.0031848974633630345
yhalf: 0.0015924487316815172
K0.5: 900.346121988591
n: 7.697755139934253e-08
r**2: -1.0978487445288336
popt: [  3.18489746e-03   7.69775514e-08   9.00346122e+02]
pcov: [[  1.08623743e+11  -2.67896677e+06   8.40086721e+23]
 [ -2.67896677e+06   7.20929596e+01  -2.07188994e+19]
 [  8.40086721e+23  -2.07188994e+19   6.49715871e+36]]
rsq: [-1.0978487445288336, 0.00014060334953627115, 6.70226344501543e-05]
**************************

Res#:  64D
xdata: [0, 125, 250, 500, 1000, 2000, 4000]
ydata: [0.0, 0.0041715179993797591, 0.00066231127033233861, 0.0043721175879056773, -0.0016462061132553885, 0.0028517003237720218, -0.0011099669585092897]
ymax: 0.0036211152764777117
yhalf: 0.0018105576382388558
K0.5: 537.0904490990767
n: 6.971194991944276e-08
r**2: 0.04508736886289688
popt: [  3.62111528e-03   6.97119499e-08   5.37090449e+02]
pcov: [[  3.57522048e-04  -1.76138220e-02   1.45074376e+09]
 [ -1.76138220e-02   2.00905291e+00  -6.96536859e+10]
 [  1.45074376e+09  -6.96536859e+10   5.99249538e+21]]
rsq: [0.04508736886289688, 3.501685175484125e-05, 3.667021527733216e-05]
**************************

Res#:  65Q
xdata: [0, 125, 250, 500, 1000, 2000, 4000]
ydata: [0.0, 0.00028917987184584604, -0.00083301822083647892, 0.0018514021615523291, -0.0020331394755483956, -0.0059457907350957129, -0.001286576547965268]
ymax: 0.0011138223411689028
yhalf: 0.0005569111705844514
K0.5: 789.1609673743019
n: 5.1242627278076405e-08
r**2: -0.5446783149739216
popt: [  1.11382234e-03   5.12426273e-08   7.89160967e+02]
pcov: [[  2.61665741e-05  -1.97447359e-02   1.11495400e+09]
 [ -1.97447359e-02   5.21463398e+01  -1.60615712e+12]
 [  1.11495400e+09  -1.60615712e+12   7.69551600e+22]]
rsq: [-0.5446783149739216, 5.607123231191347e-05, 3.6299617705748726e-05]
**************************

Res#:  66R
xdata: [0, 125, 250, 500, 1000, 2000, 4000]
ydata: [0.0, 0.002065184704258094, -0.0060274048670327929, -0.0047762526665193761, -0.009381006707850581, -0.012620474299485984, -0.0099251289407673582]
ymax: 0.0008645694343019461
yhalf: 0.00043228471715097306
K0.5: 882.7998086846744
n: 4.115292058838875e-08
r**2: -1.575597928180724
popt: [  8.64569434e-04   4.11529206e-08   8.82799809e+02]
pcov: [[  1.14550460e-04  -3.32666195e-02   1.39950484e+09]
 [ -3.32666195e-02   6.83168149e+01  -1.07213549e+12]
 [  1.39950484e+09  -1.07213549e+12   4.87635969e+22]]
rsq: [-1.575597928180724, 0.00044547403813782657, 0.0001729594643883285]
**************************

Res#:  67L
xdata: [0, 125, 250, 500, 1000, 2000, 4000]
ydata: [0.0, 0.0035274179911786163, 0.0079845366344528657, 0.0032272078881483424, 0.005790468235776558, 0.0033494242105414074, 0.0068410402139305049]
!¡FIT FAILED TO FIND MINIMIZATION!¡
**************************

Res#:  68Q
xdata: [0, 125, 250, 500, 1000, 2000, 4000]
ydata: [0.0, -0.0010488514414959127, -0.00071788297302077808, -0.00041208469131781555, 0.0027773390667320541, 0.0041071785741984002, 0.0058229315117817038]
ymax: 0.00541330792455218
yhalf: 0.00270665396227609
K0.5: 1092.5710176870339
n: 3.4053122403417033
r**2: 0.9281605446545426
popt: [  5.41330792e-03   3.40531224e+00   1.09257102e+03]
pcov: [[  1.02174551e-06  -1.75220762e-03   1.86528659e-01]
 [ -1.75220762e-03   7.07406496e+00  -3.55173643e+02]
 [  1.86528659e-01  -3.55173643e+02   7.23910937e+04]]
rsq: [0.9281605446545426, 3.1924240865307395e-06, 4.4438311387234123e-05]
**************************

Res#:  69S
xdata: [0, 125, 250, 500, 1000, 2000, 4000]
ydata: [0.0, -0.0027664130354834171, -0.002368160538137154, -0.0065311430793277836, -0.013135103800448356, -0.008629667019456555, -0.014410507224261515]
ymax: -0.012874603650665404
yhalf: -0.006437301825332702
K0.5: 440.67479809453755
n: 1.8732768621619178
r**2: 0.8583074778356933
popt: [ -1.28746037e-02   1.87327686e+00   4.40674798e+02]
pcov: [[  6.28027900e-06   2.02831546e-03  -3.35216619e-01]
 [  2.02831546e-03   1.54091163e+00  -1.06124156e+02]
 [ -3.35216619e-01  -1.06124156e+02   3.49036247e+04]]
rsq: [0.8583074778356933, 2.6017021760641427e-05, 0.00018361605371433837]
**************************

Res#:  70W
xdata: [0, 125, 250, 500, 1000, 2000, 4000]
ydata: [0.0, -0.002366916297077637, -0.0013184464385513905, -0.0022097760458539284, -0.0072720578559852811, -0.0082244329349681067, -0.0045212419927622705]
ymax: -0.006672577944666232
yhalf: -0.003336288972333116
K0.5: 514.93681053158
n: 23.876829378551847
r**2: 0.7426581487949203
popt: [ -6.67257794e-03   2.38768294e+01   5.14936811e+02]
pcov: [[  1.78525709e-06   2.42928545e+03  -1.56737395e+03]
 [  2.42928545e+03   1.05908862e+13  -6.83320919e+12]
 [ -1.56737395e+03  -6.83320919e+12   4.40876685e+12]]
rsq: [0.7426581487949203, 1.4736470709287324e-05, 5.726418241059284e-05]
**************************

Res#:  71E
xdata: [0, 125, 250, 500, 1000, 2000, 4000]
ydata: [0.0, -0.0015654419953357035, 0.0018044143179967165, 0.0030745177263185042, 0.0025138020106147962, 0.0024153265600368456, 0.01025858487837894]
ymax: 3090.312987953665
yhalf: 1545.1564939768325
K0.5: 252611187.46124315
n: 1.1463720818488023
r**2: 0.8298281540165652
popt: [  3.09031299e+03   1.14637208e+00   2.52611187e+08]
pcov: [[  6.59239675e+18  -4.15351259e+09   4.70831206e+23]
 [ -4.15351259e+09   2.81281798e+00  -2.96645754e+14]
 [  4.70831206e+23  -2.96645754e+14   3.36269241e+28]]
rsq: [0.8298281540165652, 1.4235134747123627e-05, 8.365152687189705e-05]
**************************

Res#:  72R
